23 0
79 1
11 0
356 1
300 1
1279 1
60 1
282 1
99 1
9 0
274 1
115 1
57 1
36 1
125 1
163 1
214 1
291 1
38 1
77 1
49 1
218 1
172 1
52 1
143 1
38 0
198 1
81 1
83 1
91 1
14 0
119 1
118 1
94 1
94 1
52 1
1323 1
158 1
152 1
14 0
85 1
27 0
124 1
466 1
98 1
37 1
3 0
360 1
14 0
176 1
5 0
133 1
69 1
165 1
123 1
112 1
5 0
45 1
16 0
31 1
15 0
290 1
401 1
126 1
263 1
781 1
133 1
183 1
75 1
33 0
387 1
617 1
154 1
51 1
393 1
371 1
19 0
175 1
26 0
109 1
483 1
79 1
218 1
2 0
516 1
203 1
345 1
266 1
298 1
83 1
371 1
138 1
531 1
64 1
32 0
5 0
111 1
142 1
84 1
174 1
20 0
83 1
258 1
208 1
17 0
134 1
296 1
163 1
61 1
478 1
198 1
210 1
454 1
6 0
386 1
182 1
667 1
87 1
108 1
543 1
415 1
13 0
115 1
39 1
44 1
147 1
240 1
409 1
121 1
96 1
603 1
408 1
393 1
33 1
694 1
57 1
35 0
624 1
1055 1
48 1
214 1
13 0
182 1
54 1
551 1
182 1
110 1
31 0
183 1
354 1
225 1
123 1
437 1
95 1
27 0
20 0
183 1
439 1
11 0
77 1
17 0
133 1
109 1
86 1
68 1
388 1
66 1
22 0
188 1
15 0
288 1
172 1
249 1
34 0
43 0
128 1
305 1
262 1
51 1
97 1
73 1
238 1
65 1
76 1
0 0
260 1
131 1
117 1
13 0
161 1
81 1
31 1
112 1
58 1
102 1
14 0
9 0
21 0
53 1
391 1
78 1
19 0
19 0
139 1
64 1
292 1
108 1
323 1
74 1
29 1
223 1
521 1
123 1
61 1
260 1
14 0
99 1
45 1
35 1
165 1
107 1
5 0
152 1
107 1
206 1
62 1
5 0
13 0
211 1
199 1
73 1
54 1
92 1
56 1
173 1
91 1
71 1
28 0
86 1
246 1
99 1
298 1
60 1
145 1
805 1
60 1
125 1
11 0
82 1
1216 1
94 1
284 1
119 1
91 1
16 0
95 1
17 0
208 1
10 0
115 1
58 1
340 1
131 1
63 1
358 1
379 1
142 1
402 1
285 1
79 1
89 1
11 0
105 1
14 0
58 1
191 1
21 0
60 1
164 1
109 1
319 1
111 1
46 1
141 1
155 1
15 0
409 1
42 1
41 1
6 0
102 1
4 0
103 1
52 1
487 1
29 1
328 1
59 1
37 1
44 1
127 1
453 1
42 1
1 0
48 1
70 1
344 1
37 1
80 1
56 1
138 1
124 1
272 1
28 0
16 0
332 1
207 1
59 1
68 1
189 1
125 1
150 1
251 1
414 1
30 1
102 1
115 1
54 1
114 1
12 0
9 0
839 1
5 0
88 1
251 1
12 0
92 1
53 1
67 1
167 1
329 1
77 1
128 1
110 1
141 1
3 0
140 1
102 1
8 0
490 1
115 1
406 1
169 1
33 0
602 1
73 1
179 1
64 1
19 0
107 1
31 0
18 0
103 1
494 1
139 1
320 1
27 0
752 1
147 1
66 1
184 1
208 1
28 0
121 1
38 1
119 1
25 0
100 1
14 0
49 1
35 1
395 1
38 1
49 1
75 1
58 1
180 1
138 1
451 1
59 1
8 0
52 1
63 1
75 1
359 1
9 0
131 1
766 1
68 1
66 1
36 1
5 0
4 0
89 1
578 1
151 1
72 1
114 1
219 1
145 1
729 1
240 1
187 1
19 0
174 1
278 1
54 1
48 1
41 1
143 1
357 1
863 1
136 1
163 1
298 1
229 1
108 1
55 1
10 0
265 1
243 1
27 0
69 1
106 1
460 1
31 0
25 0
384 1
329 1
14 0
173 1
52 1
20 0
47 1
555 1
375 1
142 1
346 1
139 1
15 0
119 1
343 1
86 1
35 1
194 1
150 1
69 1
9 0
201 1
2 0
270 1
45 1
50 1
15 0
33 1
117 1
133 1
711 1
137 1
14 0
178 1
257 1
143 1
161 1
61 1
28 0
124 1
313 1
153 1
125 1
67 1
204 1
197 1
57 1
1 0
107 1
63 1
9 0
29 0
159 1
301 1
241 1
4 0
52 1
308 1
486 1
46 1
36 1
167 1
293 1
258 1
41 1
284 1
159 1
147 1
267 1
6 0
125 1
320 1
93 1
129 1
178 1
119 1
401 1
300 1
83 1
43 1
7 0
45 1
231 1
114 1
23 0
26 0
17 0
286 1
931 1
442 1
235 1
11 0
50 1
126 1
338 1
198 1
11 0
9 0
106 1
199 1
81 1
52 1
115 1
198 1
295 1
558 1
125 1
55 1
90 1
174 1
219 1
296 1
166 1
101 1
95 1
142 1
179 1
101 1
645 1
755 1
23 0
39 1
631 1
116 1
157 1
11 0
4 0
149 1
88 1
70 1
225 1
24 0
157 1
93 1
73 1
125 1
389 1
270 1
152 1
216 1
496 1
115 1
15 0
333 1
633 1
342 1
108 1
226 1
1036 1
37 1
70 1
66 1
421 1
17 0
213 1
145 1
534 1
44 1
26 0
462 1
130 1
674 1
119 1
4 0
97 1
419 1
542 1
70 1
220 1
701 1
34 1
17 0
25 0
187 1
239 1
3 0
155 1
54 1
26 0
36 1
104 1
44 1
235 1
273 1
621 1
13 0
188 1
164 1
21 0
155 1
58 1
117 1
265 1
48 1
38 1
139 1
97 1
100 1
595 1
218 1
156 1
269 1
279 1
97 1
417 1
29 0
172 1
30 0
469 1
76 1
23 0
130 1
126 1
97 1
175 1
250 1
91 1
171 1
233 1
170 1
218 1
293 1
99 1
109 1
84 1
0 0
8 0
128 1
422 1
30 0
312 1
48 1
68 1
635 1
183 1
138 1
315 1
65 1
490 1
115 1
326 1
24 0
161 1
247 1
125 1
583 1
13 0
429 1
54 1
2 0
85 1
8 0
428 1
140 1
15 0
5 0
11 0
61 1
109 1
23 0
628 1
55 1
336 1
190 1
45 1
70 1
17 0
529 1
55 1
113 1
54 1
302 1
97 1
206 1
44 1
148 1
32 1
54 1
52 1
5 0
291 1
396 1
50 1
255 1
152 1
94 1
592 1
51 1
17 0
273 1
182 1
61 1
353 1
9 0
14 0
114 1
35 1
473 1
48 1
233 1
112 1
131 1
256 1
199 1
549 1
99 1
23 0
143 1
27 0
67 1
202 1
447 1
75 1
179 1
95 1
73 1
43 1
153 1
78 1
66 1
453 1
151 1
66 1
257 1
37 1
25 0
119 1
17 0
522 1
105 1
194 1
797 1
107 1
281 1
259 1
206 1
137 1
156 1
217 1
296 1
24 0
175 1
422 1
149 1
109 1
512 1
93 1
222 1
292 1
460 1
6 0
134 1
65 1
55 1
310 1
2 0
14 0
180 1
167 1
28 0
179 1
109 1
37 1
221 1
114 1
346 1
96 1
126 1
22 0
73 1
108 1
131 1
79 1
199 1
340 1
485 1
23 0
89 1
236 1
57 1
138 1
22 0
389 1
340 1
405 1
90 1
95 1
193 1
42 1
51 1
236 1
226 1
8 0
42 1
47 1
285 1
220 1
0 0
340 1
68 1
71 1
491 1
40 1
66 1
94 1
281 1
237 1
39 1
1284 1
37 1
181 1
417 1
131 1
600 1
261 1
0 0
206 1
8 0
59 1
20 0
96 1
12 0
161 1
21 0
332 1
318 1
52 1
7 0
223 1
94 1
52 1
245 1
71 1
421 1
154 1
156 1
516 1
116 1
357 1
42 1
228 1
57 1
84 1
110 1
128 1
162 1
87 1
5 0
113 1
255 1
114 1
82 1
107 1
27 0
407 1
17 0
174 1
286 1
141 1
159 1
171 1
90 1
122 1
259 1
59 1
461 1
898 1
233 1
482 1
155 1
68 1
23 0
436 1
58 1
30 0
120 1
44 1
137 1
76 1
149 1
546 1
127 1
239 1
21 0
24 0
60 1
184 1
42 1
355 1
3 0
29 0
83 1
16 0
35 1
148 1
134 1
22 0
232 1
222 1
541 1
62 1
287 1
333 1
736 1
45 1
4 0
52 1
294 1
109 1
264 1
141 1
332 1
540 1
314 1
86 1
85 1
177 1
13 0
72 1
60 1
316 1
116 1
103 1
207 1
34 1
260 1
33 1
72 1
20 0
43 1
681 1
171 1
164 1
85 1
112 1
273 1
79 1
33 0
57 1
459 1
216 1
547 1
406 1
319 1
37 1
363 1
103 1
20 0
237 1
7 0
494 1
649 1
155 1
10 0
39 1
440 1
132 1
193 1
615 1
0 0
114 1
10 0
68 1
29 0
0 0
4 0
381 1
246 1
8 0
207 1
214 1
12 0
25 0
115 1
447 1
55 1
307 1
10 0
138 1
82 1
72 1
35 0
112 1
29 0
54 1
380 1
16 0
184 1
361 1
50 0
77 1
579 1
109 1
73 1
158 1
145 1
268 1
59 1
75 1
262 1
89 1
19 0
82 1
20 0
28 0
70 1
446 1
5 0
79 1
85 1
244 1
3 0
334 1
65 1
911 1
8 0
158 1
103 1
290 1
289 1
431 1
332 1
9 0
139 1
22 0
19 0
91 1
314 1
385 1
40 0
109 1
195 1
235 1
23 0
29 0
29 0
57 1
179 1
547 1
159 1
188 1
21 0
68 1
267 1
81 1
37 0
11 0
286 1
57 1
260 1
108 1
312 1
12 0
22 0
72 1
263 1
291 1
295 1
30 0
86 1
272 1
145 1
125 1
215 1
197 1
15 0
37 0
60 1
69 1
48 1
45 0
52 0
485 1
247 1
0 0
612 1
120 1
810 1
295 1
37 0
55 1
207 1
563 1
428 1
25 0
19 0
542 1
227 1
18 0
49 0
101 1
43 0
281 1
186 1
59 0
37 0
200 1
400 1
74 1
517 1
22 0
45 0
128 1
171 1
370 1
63 1
147 1
10 0
343 1
105 1
80 1
61 1
56 0
162 1
121 1
53 0
31 0
506 1
358 1
64 1
195 1
320 1
13 0
111 1
16 0
698 1
18 0
419 1
133 1
371 1
153 1
480 1
130 1
69 1
346 1
138 1
66 1
125 1
74 1
33 0
115 1
112 1
105 1
45 0
108 1
262 1
21 0
163 1
11 0
39 0
59 0
195 1
532 1
545 1
391 1
260 1
176 1
149 1
18 0
370 1
267 1
6 0
128 1
0 0
51 0
518 1
188 1
228 1
199 1
87 1
20 0
21 0
252 1
36 0
96 1
375 1
268 1
58 0
27 0
6 0
23 0
185 1
77 1
79 1
69 1
92 1
109 1
423 1
92 1
7 0
101 1
245 1
138 1
53 0
23 0
0 0
12 0
186 1
121 1
136 1
359 1
97 1
33 0
124 1
154 1
108 1
234 1
6 0
199 1
180 1
44 0
6 0
554 1
79 1
93 0
68 1
115 1
129 1
8 0
17 0
51 1
14 0
71 1
363 1
107 1
50 1
288 1
17 0
90 0
233 1
143 1
98 1
25 0
18 0
26 0
141 1
356 1
772 1
629 1
583 1
1 0
194 1
11 0
417 1
273 1
189 1
31 0
98 1
226 1
16 0
54 1
21 0
77 1
82 1
39 0
112 1
239 1
155 1
170 1
71 1
10 0
19 0
20 0
560 1
100 1
108 1
489 1
562 1
99 1
164 1
132 1
86 1
637 1
48 0
292 1
150 1
152 1
422 1
2 0
10 0
588 1
8 0
531 1
318 1
120 1
226 1
166 1
397 1
61 0
32 0
246 1
123 1
222 1
207 1
94 1
8 0
698 1
1 0
57 1
413 1
114 1
60 0
137 1
13 0
80 1
127 1
111 1
71 1
311 1
270 1
192 1
265 1
41 0
11 0
165 1
316 1
95 1
131 1
9 0
119 1
18 0
182 1
90 1
30 0
111 1
150 1
41 0
131 1
38 0
75 1
124 1
165 1
38 0
439 1
41 0
516 1
90 1
156 1
54 1
46 0
40 0
219 1
20 0
188 1
223 1
217 1
220 1
327 1
538 1
973 1
6 0
21 0
419 1
143 1
141 1
182 1
139 1
53 1
185 1
241 1
266 1
672 1
70 0
209 1
54 1
42 0
632 1
171 1
198 1
2 0
53 1
554 1
332 1
317 1
151 1
44 0
17 0
244 1
643 1
11 0
76 1
313 1
79 1
54 0
1024 1
167 1
728 1
2 0
185 1
26 0
434 1
197 1
57 0
262 1
13 0
94 1
348 1
375 1
31 0
177 1
423 1
97 1
164 1
33 0
15 0
235 1
40 0
392 1
284 1
143 1
84 1
141 1
80 0
15 0
221 1
2 0
12 0
314 1
109 1
419 1
115 1
488 1
149 1
57 1
246 1
16 0
60 0
428 1
51 0
67 1
109 1
120 0
153 1
120 1
82 1
44 0
322 1
0 0
171 1
45 0
22 0
19 0
91 1
171 1
345 1
204 1
124 1
901 1
123 1
302 1
188 1
361 1
32 0
125 1
97 1
158 1
16 0
574 1
454 1
259 1
650 1
8 0
444 1
71 1
68 0
109 1
443 1
77 1
99 1
152 1
56 1
297 1
95 1
407 1
18 0
107 1
165 1
120 1
147 1
163 1
118 1
225 1
758 1
354 1
305 1
60 1
426 1
7 0
455 1
285 1
295 1
95 1
324 1
38 0
30 0
175 1
2 0
81 1
21 0
178 1
57 0
37 0
372 1
834 1
291 1
1036 1
129 1
127 1
336 1
159 1
7 0
330 1
20 0
228 1
164 1
71 1
67 0
90 1
289 1
24 0
155 1
434 1
140 1
218 1
60 0
351 1
265 1
191 1
158 1
101 1
10 0
132 1
89 1
246 1
40 0
253 1
196 1
41 0
202 1
76 1
10 0
51 0
128 1
134 1
110 1
40 0
68 1
17 0
35 0
135 1
96 1
47 0
97 1
206 1
97 1
945 1
236 1
49 0
137 1
199 1
8 0
66 1
181 1
365 1
199 1
80 1
77 1
43 0
128 1
599 1
181 1
111 1
266 1
7 0
283 1
190 1
182 1
12 0
15 0
145 1
65 0
464 1
6 0
556 1
168 1
197 1
335 1
557 1
32 0
535 1
108 1
373 1
84 1
166 1
3 0
205 1
229 1
57 0
16 0
4 0
551 1
297 1
91 1
110 1
119 1
156 1
7 0
56 1
86 1
413 1
0 0
37 0
344 1
53 0
345 1
112 1
44 0
416 1
13 0
73 0
46 1
189 1
28 0
56 1
410 1
257 1
86 0
370 1
26 0
142 1
64 1
171 1
17 0
333 1
53 1
66 1
284 1
68 1
4 0
92 1
130 1
26 0
148 1
38 0
88 1
320 1
178 1
147 1
130 1
16 0
12 0
185 1
251 1
486 1
41 1
99 1
341 1
299 1
201 1
40 0
98 1
116 1
4 0
28 0
108 1
101 1
117 1
120 1
277 1
31 0
60 0
104 1
653 1
11 0
68 1
75 1
69 0
247 1
199 1
452 1
164 1
377 1
260 1
50 0
45 0
29 0
37 0
240 1
308 1
363 1
56 1
47 0
442 1
127 1
2 0
2 0
19 0
109 1
245 1
183 1
1 0
90 1
292 1
306 1
2 0
33 0
518 1
315 1
378 1
82 1
79 1
82 1
45 1
8 0
55 0
64 1
81 1
192 1
10 0
93 1
114 1
178 1
84 1
236 1
110 1
73 1
82 1
69 1
168 1
117 1
449 1
58 1
304 1
38 1
45 0
177 1
111 1
319 1
55 1
254 1
146 1
176 1
236 1
248 1
243 1
77 1
154 1
199 1
47 0
283 1
48 0
110 1
36 0
224 1
108 1
58 1
278 1
269 1
17 0
91 1
1593 1
147 1
72 1
9 0
222 1
386 1
174 1
19 0
110 1
110 1
78 1
10 0
45 0
23 0
272 1
8 0
94 1
49 0
409 1
236 1
286 1
196 1
82 1
125 1
238 1
332 1
209 1
266 1
91 1
362 1
140 1
34 0
305 1
39 0
213 1
303 1
293 1
141 1
65 0
101 1
112 1
111 1
235 1
112 1
92 1
282 1
386 1
73 1
141 1
78 1
231 1
56 0
3 0
196 1
97 1
91 1
55 1
535 1
620 1
71 1
107 1
613 1
402 1
181 1
12 0
116 1
364 1
179 1
247 1
58 0
2 0
50 0
319 1
62 1
27 0
235 1
68 0
61 1
50 0
250 1
120 1
99 1
468 1
41 0
118 1
82 1
492 1
242 1
33 0
97 1
327 1
278 1
60 0
27 0
133 1
30 0
25 0
120 1
352 1
27 0
91 1
257 1
348 1
39 0
72 1
10 0
113 1
139 1
65 1
318 1
42 0
831 1
24 0
128 1
384 1
134 1
233 1
12 0
10 0
2 0
85 1
64 0
299 1
190 1
46 0
67 1
29 0
121 1
84 1
26 0
291 1
232 1
553 1
348 1
22 0
73 1
175 1
157 1
70 0
342 1
159 1
100 1
16 0
87 1
1 0
358 1
452 1
185 1
94 1
851 1
219 1
106 1
766 1
277 1
780 1
200 1
22 0
82 1
149 1
147 1
158 1
54 0
419 1
44 1
173 1
389 1
471 1
348 1
931 1
173 1
50 0
133 1
99 1
135 1
169 1
59 0
12 0
30 0
189 1
50 0
166 1
147 1
13 0
203 1
6 0
97 1
163 1
88 1
198 1
502 1
150 1
204 1
412 1
247 1
71 1
23 0
0 0
187 1
17 0
244 1
8 0
150 1
64 1
124 1
42 1
335 1
342 1
318 1
270 1
91 1
27 0
30 0
214 1
479 1
107 1
596 1
332 1
68 0
57 0
133 1
84 0
292 1
296 1
29 0
66 0
65 0
241 1
23 0
31 0
469 1
1 0
28 0
232 1
914 1
26 0
394 1
820 1
29 0
77 0
196 1
275 1
66 0
18 0
108 0
260 1
233 1
157 1
63 0
59 0
59 0
195 0
219 1
218 1
23 0
363 1
178 1
18 0
260 1
300 1
180 1
52 0
13 0
23 0
153 1
327 1
3 0
761 1
599 1
53 0
238 1
299 1
39 0
246 1
257 1
331 1
256 1
34 0
11 0
225 1
33 0
19 0
173 1
365 1
157 1
547 1
209 1
19 0
93 0
3 0
573 1
329 1
208 1
31 0
145 1
159 1
504 1
73 0
117 1
72 0
629 1
309 1
197 1
114 1
86 1
372 1
840 1
6 0
52 0
19 0
98 0
241 1
187 1
103 1
228 1
111 0
225 1
120 0
428 1
16 0
214 1
13 0
48 0
43 0
99 1
96 0
58 0
11 0
244 1
147 1
43 0
22 0
334 1
321 1
2 0
32 0
45 0
111 0
62 0
288 1
23 0
104 0
309 1
27 0
305 1
56 0
101 0
132 1
67 0
150 1
16 0
387 1
33 0
112 0
281 1
541 1
176 1
362 1
157 1
58 0
23 0
348 1
34 0
119 0
114 1
3 0
155 1
21 0
293 1
562 1
197 1
128 1
85 1
176 1
51 0
73 0
184 0
235 1
169 1
128 1
232 1
53 0
100 0
177 1
63 0
166 1
41 0
185 1
119 1
10 0
111 1
34 0
24 0
149 0
145 1
595 1
195 1
227 1
259 1
88 0
443 1
369 1
283 1
136 1
620 1
176 1
18 0
108 1
16 0
77 0
73 0
14 0
18 0
709 1
166 1
54 0
22 0
88 0
279 1
12 0
746 1
41 0
150 0
249 1
94 0
608 1
72 0
366 1
728 1
70 0
110 0
468 1
303 1
130 1
48 0
21 0
135 0
351 1
472 1
119 1
253 1
205 1
292 1
428 1
5 0
210 1
65 0
75 0
72 0
38 0
10 0
52 0
168 1
315 1
32 0
326 1
143 1
324 1
168 1
475 1
0 0
126 1
48 0
250 1
101 1
157 1
190 1
750 1
295 1
262 1
53 0
182 1
343 1
85 0
160 1
89 0
45 0
76 0
71 0
310 1
143 1
110 1
193 1
248 1
382 1
29 0
180 1
168 1
103 0
110 0
173 1
6 0
439 1
133 0
5 0
145 1
425 1
578 1
452 1
16 0
122 0
106 0
593 1
66 0
150 1
26 0
4 0
133 1
143 1
101 0
176 1
70 0
60 0
166 1
65 0
51 0
47 0
19 0
22 0
39 0
130 1
771 1
433 1
608 1
117 1
149 1
100 1
16 0
381 1
487 1
28 0
151 1
32 0
231 1
81 1
86 0
2 0
231 1
126 1
11 0
369 1
125 0
314 1
173 0
206 1
21 0
89 0
235 1
110 0
93 1
122 1
354 1
538 1
740 1
38 0
249 1
79 0
58 0
139 1
129 1
342 1
218 1
103 1
111 0
316 1
12 0
225 1
80 0
285 1
121 0
234 1
58 0
240 1
493 1
205 1
71 0
10 0
8 0
54 0
44 0
89 0
15 0
71 0
91 0
78 0
146 1
1167 1
140 1
195 1
4 0
251 1
357 1
4 0
64 0
116 0
167 1
353 1
62 0
2 0
681 1
133 1
133 1
99 0
273 1
70 0
38 0
536 1
30 0
117 0
32 0
309 1
158 1
50 0
15 0
10 0
159 1
12 0
73 0
48 0
10 0
40 0
800 1
7 0
41 0
284 1
25 0
45 0
76 0
26 0
88 0
3 0
235 1
204 1
108 1
378 1
49 0
338 1
165 1
319 1
17 0
331 1
40 0
24 0
21 0
43 0
213 1
45 0
272 1
121 0
109 0
211 1
349 1
248 1
805 1
9 0
41 0
77 0
23 0
371 1
213 1
62 0
115 0
16 0
426 1
11 0
26 0
24 0
188 1
36 0
18 0
24 0
124 1
13 0
110 1
329 1
198 1
10 0
64 0
1335 1
106 0
40 0
352 1
167 1
1 0
8 0
521 1
386 1
2 0
384 1
2 0
732 1
127 0
114 0
254 1
603 1
123 1
92 1
197 1
446 1
139 1
44 0
179 1
110 0
8 0
167 1
242 1
231 1
163 1
189 1
3 0
134 1
418 1
33 0
26 0
14 0
64 0
22 0
358 1
44 0
774 1
153 1
143 1
138 0
13 0
9 0
175 1
56 0
37 0
326 1
418 1
130 1
495 1
479 1
1 0
175 1
552 1
245 1
6 0
95 0
32 0
74 0
4 0
83 0
44 0
1 0
258 1
421 1
128 1
938 1
110 0
66 0
418 1
356 1
48 0
88 0
123 0
146 1
41 0
79 0
248 1
230 1
91 0
212 1
778 1
13 0
83 0
323 1
17 0
618 1
202 1
43 0
41 0
386 1
38 0
214 1
43 0
139 1
14 0
134 1
179 1
22 0
74 0
300 1
260 1
33 0
23 0
28 0
317 1
73 0
191 1
25 0
356 1
199 1
148 0
105 1
12 0
35 0
16 0
413 1
32 0
75 0
68 0
98 1
510 1
206 1
6 0
157 1
202 1
120 1
67 0
136 1
13 0
33 0
128 1
190 1
193 1
127 1
178 1
57 0
23 0
264 1
47 0
279 1
65 0
192 1
139 1
236 1
387 1
85 0
220 1
372 1
336 1
70 0
53 0
436 1
14 0
18 0
26 0
234 1
102 0
60 0
171 1
258 1
216 1
86 1
180 1
7 0
225 1
28 0
83 0
61 0
99 0
9 0
759 1
454 1
483 1
201 1
53 0
86 0
24 0
307 1
154 1
0 0
75 0
75 0
65 0
92 0
43 0
30 0
40 0
13 0
45 0
82 0
157 1
214 1
14 0
102 0
359 1
41 0
1 0
212 1
429 1
55 0
30 0
88 0
121 1
28 0
149 1
308 1
24 0
116 0
31 0
119 0
137 1
368 1
43 0
116 1
317 1
249 1
32 0
337 1
108 1
597 1
144 1
31 0
15 0
83 0
49 0
395 1
128 1
0 0
379 1
42 0
528 1
73 0
64 0
604 1
138 1
346 1
70 0
189 1
33 0
116 1
126 1
26 0
66 0
4 0
129 1
38 0
120 0
520 1
87 0
12 0
191 1
1 0
22 0
228 1
115 0
9 0
316 1
157 1
236 1
9 0
64 0
11 0
394 1
128 1
309 1
369 1
592 1
114 1
277 1
5 0
15 0
461 1
387 1
35 0
166 1
121 0
248 1
119 1
118 1
1243 1
95 1
297 1
16 0
435 1
15 0
216 1
136 1
35 0
11 0
204 1
35 0
191 1
8 0
710 1
31 0
392 1
49 0
591 1
579 1
143 1
216 1
272 1
132 1
213 1
179 1
48 0
14 0
44 0
332 1
70 0
270 1
96 0
17 0
237 1
446 1
10 0
189 1
54 0
43 0
174 1
400 1
244 1
800 1
249 1
164 1
196 1
350 1
17 0
250 1
341 1
134 1
175 1
197 1
59 0
1 0
134 1
42 0
244 1
238 1
156 1
32 0
104 0
22 0
87 0
290 1
196 1
71 0
400 1
143 1
327 1
269 1
163 1
339 1
277 1
178 1
117 1
535 1
174 1
106 0
132 1
7 0
57 0
486 1
22 0
189 1
138 0
688 1
360 1
119 0
319 1
56 0
205 1
33 0
3 0
164 1
183 1
129 1
128 1
32 0
201 1
70 0
97 0
71 0
382 1
248 1
216 1
116 1
139 0
251 1
248 1
12 0
309 1
119 0
129 1
289 1
12 0
326 1
52 0
149 1
183 1
173 1
77 0
389 1
645 1
282 1
162 0
579 1
26 0
270 1
323 1
201 1
207 1
42 0
8 0
225 1
52 0
16 0
254 1
194 1
120 1
366 1
65 0
28 0
78 0
203 1
396 1
51 0
273 1
46 0
374 1
29 0
88 0
7 0
67 0
345 1
97 0
610 1
120 1
177 1
250 1
30 0
678 1
346 1
676 1
266 1
129 1
218 1
121 1
94 1
37 0
197 1
3 0
39 0
50 0
184 1
46 0
24 0
261 1
17 0
23 0
416 1
245 1
203 1
66 0
97 1
72 0
300 1
179 1
172 1
292 1
141 1
17 0
118 1
286 1
10 0
721 1
258 1
16 0
75 1
154 1
1009 1
237 1
734 1
293 1
236 1
121 1
25 0
370 1
105 1
58 0
223 1
108 0
48 0
145 1
249 1
927 1
16 0
253 1
38 0
150 1
85 0
65 0
543 1
21 0
728 1
270 1
511 1
388 1
212 1
78 0
253 1
523 1
131 1
142 1
21 0
106 1
43 0
221 1
44 0
203 1
100 0
35 0
0 0
92 0
292 1
38 0
289 1
12 0
22 0
121 0
3 0
74 0
593 1
33 0
126 0
13 0
38 0
14 0
48 0
128 0
21 0
97 0
343 1
241 0
543 1
340 1
547 1
190 0
67 0
90 0
261 0
347 1
93 0
262 0
53 0
9 0
228 0
237 1
748 1
429 1
147 0
229 1
178 0
211 1
314 1
18 0
295 1
144 0
127 0
227 0
319 1
131 0
16 0
305 1
237 1
101 0
3 0
198 1
25 0
284 1
190 1
50 0
456 1
234 1
127 0
344 1
35 0
99 0
210 1
115 0
33 0
106 0
286 1
183 0
164 0
107 0
3 0
148 0
27 0
279 1
80 0
263 0
34 0
334 1
0 0
368 1
418 1
269 1
36 0
8 0
131 0
174 1
221 1
335 1
119 0
426 1
91 0
1 0
258 1
17 0
5 0
422 1
204 1
601 1
203 0
123 0
64 0
360 1
213 1
95 0
34 0
55 0
190 0
14 0
267 1
85 0
403 1
163 0
249 1
111 0
259 1
82 0
35 0
152 0
184 1
220 1
50 0
200 0
258 0
70 0
320 1
4 0
61 0
302 0
198 1
633 1
14 0
138 0
6 0
143 0
257 1
21 0
61 0
71 0
61 0
32 0
124 0
105 0
280 1
266 1
130 0
70 0
103 0
188 1
165 0
220 1
10 0
159 0
7 0
73 0
99 0
380 1
16 0
60 0
27 0
625 1
63 0
42 0
233 0
345 1
167 1
165 0
519 1
16 0
43 0
176 0
302 1
321 0
19 0
193 0
167 1
7 0
40 0
4 0
643 1
98 0
474 1
61 0
71 0
14 0
128 0
356 1
51 0
145 0
60 0
9 0
48 0
126 0
132 0
411 1
202 1
371 1
106 0
332 1
79 0
63 0
266 0
57 0
38 0
526 1
236 1
208 0
183 1
35 0
455 1
146 0
39 0
495 1
28 0
3 0
171 0
53 0
54 0
652 1
23 0
663 1
153 0
118 0
316 1
281 1
218 1
194 0
322 1
22 0
597 1
16 0
116 0
123 0
6 0
783 1
259 1
128 0
256 1
187 1
81 0
176 0
271 1
326 1
202 1
298 1
435 1
366 1
120 0
208 1
230 0
254 1
221 1
143 1
42 0
85 0
188 0
102 0
153 0
100 0
26 0
5 0
461 1
91 0
8 0
325 1
514 1
73 0
136 0
76 0
117 0
141 0
368 1
212 0
2 0
353 1
515 1
14 0
125 0
203 0
39 0
157 0
1 0
135 0
158 0
575 1
98 0
52 0
110 0
438 1
452 1
73 0
14 0
10 0
44 0
34 0
137 0
8 0
40 0
170 0
4 0
403 1
301 1
98 0
70 0
346 1
159 0
193 0
48 0
155 0
51 0
61 0
221 1
270 1
325 1
123 0
430 1
83 0
506 1
137 0
72 0
792 1
146 0
0 0
9 0
15 0
274 1
81 0
47 0
39 0
146 0
12 0
63 0
22 0
402 1
199 1
74 0
429 1
231 1
7 0
15 0
19 0
296 1
150 0
49 0
77 0
119 0
75 0
145 0
46 0
192 0
301 1
885 1
313 1
204 1
107 0
295 1
236 1
425 1
55 0
37 0
10 0
160 0
274 1
610 1
111 0
254 1
255 0
51 0
119 0
370 1
531 1
95 0
259 1
510 1
111 0
144 0
151 0
361 1
8 0
85 0
422 1
225 1
519 1
580 1
222 0
410 1
2 0
50 0
234 0
160 0
371 1
359 1
207 1
0 0
37 0
132 0
59 0
78 0
146 0
424 1
6 0
320 1
52 0
161 0
72 0
275 1
8 0
496 1
420 1
219 0
967 1
131 0
7 0
142 0
391 1
144 0
87 0
25 0
512 1
45 0
284 1
196 1
287 1
180 0
40 0
289 1
63 0
64 0
93 0
151 0
339 0
255 1
190 0
6 0
223 1
425 1
59 0
100 0
181 0
6 0
34 0
83 0
170 0
174 0
46 0
223 1
39 0
337 1
43 0
123 0
39 0
96 0
202 1
164 0
15 0
29 0
36 0
235 1
87 0
277 1
97 0
99 0
205 0
553 1
282 1
4 0
214 1
390 0
25 0
515 1
14 0
10 0
213 1
58 0
98 0
55 0
60 0
231 1
156 0
464 1
437 1
40 0
71 0
375 1
280 1
121 0
142 0
115 0
375 1
42 0
90 0
94 0
15 0
119 0
174 0
210 1
43 0
7 0
148 0
14 0
297 1
358 1
180 0
50 0
17 0
139 0
56 0
95 0
348 1
165 1
96 0
123 0
277 1
136 0
25 0
112 0
91 0
243 0
64 0
7 0
101 0
76 0
160 0
45 0
503 1
21 0
316 1
69 0
48 0
10 0
370 1
47 0
228 1
338 1
219 0
337 1
33 0
43 0
403 1
98 0
72 0
50 0
127 0
152 0
245 1
125 0
130 0
4 0
204 1
123 0
44 0
38 0
417 1
79 0
347 1
61 0
439 1
30 0
128 0
436 1
269 1
102 0
24 0
54 0
736 1
31 0
56 0
136 0
42 0
4 0
135 0
93 0
8 0
270 1
193 0
150 1
192 0
27 0
68 0
145 0
267 1
63 0
46 0
28 0
154 0
218 1
41 0
357 1
134 0
8 0
25 0
120 0
266 0
69 0
229 1
26 0
15 0
178 0
110 0
232 0
55 0
207 0
235 0
346 1
10 0
130 0
114 0
58 0
61 0
31 0
16 0
104 0
29 0
220 1
202 1
125 0
162 1
95 0
330 1
139 0
35 0
527 1
720 1
157 0
98 0
224 1
196 1
315 1
123 0
94 0
279 1
27 0
33 0
267 1
214 1
68 0
243 1
153 0
604 1
125 0
225 1
263 1
77 0
254 1
103 0
208 0
363 1
152 0
535 1
36 0
143 0
282 1
37 0
23 0
66 0
8 0
141 0
263 1
62 0
79 0
227 0
163 0
37 0
90 0
509 1
429 1
286 1
20 0
66 0
64 0
205 0
36 0
376 1
61 0
39 0
26 0
218 0
34 0
303 1
106 0
80 0
2 0
117 0
630 1
834 1
8 0
58 0
341 0
216 0
10 0
46 0
26 0
134 0
16 0
79 0
58 0
141 1
296 1
134 0
123 0
50 0
80 0
180 0
606 1
37 0
22 0
54 0
131 0
23 0
136 0
268 1
128 0
25 0
190 1
9 0
13 0
215 1
310 1
212 1
9 0
299 1
146 0
295 1
20 0
31 0
0 0
120 0
142 0
42 0
102 0
152 0
124 0
290 1
196 1
11 0
125 0
34 0
248 1
237 0
156 0
213 1
440 1
115 0
242 1
178 0
48 0
290 1
216 0
337 1
486 1
136 0
360 1
59 0
385 1
202 0
183 1
18 0
184 1
469 1
181 0
141 0
101 0
372 1
56 0
87 0
201 0
2 0
180 0
352 1
93 0
770 1
66 0
4 0
332 1
93 0
118 0
41 0
246 1
51 0
555 1
918 1
175 0
208 1
22 0
125 0
55 0
160 0
118 0
168 0
112 0
166 0
217 1
56 0
242 1
152 0
127 0
6 0
1073 1
95 0
64 0
13 0
93 0
152 0
783 1
58 0
88 0
164 0
75 0
158 0
38 0
295 1
393 0
7 0
147 0
96 0
103 0
130 0
197 0
100 0
284 1
94 0
20 0
118 0
30 0
43 0
61 0
157 0
20 0
279 0
221 1
92 0
34 0
76 0
65 0
260 1
252 0
174 0
71 0
65 0
35 0
120 0
115 0
65 0
420 1
45 0
243 1
9 0
245 0
77 0
93 0
5 0
17 0
104 0
98 0
287 1
66 0
294 1
216 1
193 0
23 0
74 0
70 0
29 0
121 0
18 0
109 0
88 0
12 0
263 0
26 0
276 1
9 0
67 0
317 1
0 0
162 0
165 0
170 0
860 1
237 0
751 1
358 1
78 0
324 1
91 0
576 1
551 1
30 0
38 0
629 1
70 0
326 1
44 0
20 0
173 0
190 0
152 0
173 1
310 1
424 1
4 0
377 1
123 0
321 1
202 0
312 1
227 1
104 0
291 1
249 1
1 0
27 0
84 0
18 0
27 0
26 0
72 0
381 1
248 1
21 0
174 1
165 0
25 0
103 0
99 0
80 0
364 1
217 0
89 0
180 0
133 0
49 0
185 0
141 0
138 0
124 0
384 1
306 1
201 1
50 0
312 1
81 0
238 0
190 0
450 1
133 0
4 0
14 0
21 0
84 0
616 1
82 0
63 0
371 1
89 0
332 1
102 0
16 0
89 0
397 1
27 0
35 0
15 0
68 0
72 0
15 0
45 0
45 0
28 0
36 0
104 0
89 0
562 1
53 0
9 0
17 0
7 0
24 0
28 0
98 0
35 0
25 0
301 1
266 1
420 1
489 1
96 0
26 0
89 0
79 0
20 0
130 0
124 0
417 1
63 0
155 0
282 1
14 0
10 0
73 0
