574 319
57 309
116 319
47 306
507 319
73 317
74 316
871 319
233 319
51 310
24 291
128 319
297 319
340 319
390 319
586 319
19 276
55 310
388 319
315 319
121 319
198 319
217 319
381 319
14 256
213 319
26 293
236 319
105 318
69 315
376 319
21 287
258 319
512 319
20 282
2 33
228 319
357 319
93 318
38 302
327 319
312 319
47 307
29 296
117 319
58 313
58 310
114 319
167 319
120 319
10 249
925 319
63 313
10 247
77 315
44 306
79 318
268 319
2 24
33 305
46 301
315 319
35 306
17 271
71 315
56 311
211 319
463 319
53 309
60 312
95 316
91 318
114 319
268 319
100 319
34 304
74 315
172 319
370 319
172 319
70 314
213 319
72 314
164 319
363 319
94 318
392 319
328 319
29 291
135 319
18 278
42 308
166 319
310 319
24 296
125 319
91 314
517 319
204 319
6 214
667 319
3 149
12 245
790 319
147 319
106 317
224 319
141 319
147 319
44 306
265 319
105 318
14 254
60 316
32 299
163 319
2 31
103 319
73 313
99 318
102 319
512 319
74 317
197 319
125 319
140 319
108 318
310 319
10 256
44 306
187 319
460 319
90 318
109 319
35 302
216 319
53 309
69 314
309 319
177 319
171 319
51 302
99 319
175 319
77 317
2 26
431 319
59 311
211 319
75 319
285 319
15 273
713 319
290 319
107 319
192 319
180 319
71 314
258 319
274 319
269 319
77 312
55 315
37 300
161 319
117 319
376 319
256 319
81 314
184 319
48 306
364 319
352 319
44 307
365 319
622 319
421 319
156 319
45 304
111 319
302 319
172 319
253 319
77 315
73 316
290 319
155 319
129 319
134 319
61 314
243 319
0  3
177 319
26 290
192 319
53 312
7 216
144 319
34 298
83 314
1  3
142 319
34 302
99 319
37 299
333 319
15 267
147 319
24 288
102 318
171 319
554 319
102 319
12 245
694 319
806 319
132 319
7 225
40 303
80 314
55 310
59 311
374 319
50 305
14 268
178 319
341 319
63 313
395 319
275 319
9 249
136 319
111 318
92 318
183 319
19 273
45 306
74 317
3 151
746 319
167 319
378 319
3 153
226 319
177 319
60 311
61 309
85 315
4 166
4 168
48 309
924 319
180 319
7 219
433 319
133 319
544 319
48 308
95 316
424 319
37 300
269 319
123 319
175 319
19 277
762 319
281 319
337 319
111 318
80 314
158 319
243 319
211 319
53 306
185 319
182 319
469 319
246 319
13 251
396 319
86 318
308 319
92 318
10 252
507 319
37 299
188 319
32 298
321 319
151 319
407 319
212 319
9 243
207 319
151 319
55 308
138 319
138 319
202 319
257 319
97 319
60 311
589 319
134 319
136 319
46 306
249 319
277 319
227 319
1332 319
445 319
33 298
185 319
525 319
149 319
243 319
294 319
81 317
323 319
116 319
23 292
11 257
124 319
262 319
99 319
498 319
9 222
255 319
314 319
206 319
253 319
134 319
30 295
6 210
32 297
0  3
102 318
18 273
116 319
161 319
53 311
489 319
445 319
189 319
795 319
139 319
177 319
36 303
23 287
18 276
332 319
107 319
52 309
4 173
76 315
206 319
164 319
309 319
402 319
17 274
37 303
87 317
153 319
361 319
15 270
27 292
55 309
198 319
292 319
396 319
316 319
275 319
171 319
93 316
45 304
83 319
253 319
257 319
17 273
157 319
68 314
85 317
79 315
75 314
347 319
46 308
24 289
301 319
1  3
2 27
182 319
81 315
30 298
104 319
255 319
161 319
22 284
236 319
158 319
245 319
282 319
29 288
155 319
4 166
18 274
62 313
99 319
231 319
343 319
98 318
39 302
98 319
623 319
13 260
46 301
366 319
229 319
37 297
276 319
140 319
275 319
129 319
689 319
113 319
2 29
98 319
127 319
232 319
17 267
411 319
129 319
269 319
117 319
294 319
131 319
99 319
661 319
179 319
121 319
201 319
216 319
77 316
463 319
266 319
149 319
44 299
72 316
132 319
51 311
191 319
21 277
435 319
110 318
39 309
52 309
101 319
389 319
70 316
300 319
172 319
56 311
36 300
66 316
204 319
282 319
135 319
52 309
18 272
182 319
696 319
7 209
26 290
102 318
45 303
128 319
141 319
65 310
11 248
12 249
109 319
729 319
85 318
56 307
271 319
46 304
25 285
250 319
241 319
279 319
48 310
25 287
22 285
17 279
141 319
84 316
172 319
56 310
497 319
65 316
283 319
15 260
253 319
247 319
329 319
171 319
30 297
625 319
9 237
108 319
227 319
586 319
336 319
65 316
208 319
56 309
127 319
107 319
34 296
141 319
432 319
73 314
209 319
422 319
45 308
115 319
181 319
5 201
38 305
30 298
39 303
18 274
202 319
14 266
17 271
144 319
527 319
384 319
79 318
414 319
863 319
357 319
177 319
99 319
131 319
28 295
308 319
46 311
178 319
220 319
149 319
35 300
1179 319
181 319
272 319
101 319
284 319
44 303
134 319
55 305
164 319
354 319
133 319
361 319
36 299
287 319
359 319
142 319
86 317
425 319
160 319
238 319
8 228
126 319
129 319
242 319
4 174
17 285
72 314
58 311
104 319
28 302
132 319
187 319
90 316
157 319
121 319
447 319
84 319
35 303
17 281
48 313
484 319
661 319
24 283
446 319
69 317
113 319
431 319
30 295
715 319
280 319
216 319
73 315
77 314
235 319
84 318
2 28
354 319
278 319
56 308
19 283
134 319
139 319
174 319
13 257
40 302
182 319
0  3
104 319
485 319
274 319
47 308
25 291
757 319
78 317
515 319
27 294
83 318
45 307
171 319
37 299
133 319
34 300
125 319
134 319
138 319
13 253
53 308
127 319
78 316
133 319
23 284
82 315
61 310
73 314
19 279
363 319
186 319
347 319
2 28
204 319
397 319
119 319
95 319
243 319
123 319
1  3
115 319
32 298
269 319
76 315
135 319
239 319
27 301
10 249
79 317
1  3
244 319
65 313
305 319
144 319
231 319
120 319
97 319
494 319
319 319
129 319
157 319
165 319
17 276
233 319
201 319
338 319
313 319
95 318
10 243
105 319
155 319
57 311
232 319
46 306
185 319
236 319
576 319
20 278
277 319
428 319
160 319
161 319
34 299
494 319
110 319
93 319
5 193
393 319
33 300
514 319
156 319
10 239
337 319
170 319
884 319
2 28
52 304
39 301
149 319
193 319
664 319
188 319
42 311
10 239
37 307
15 274
242 319
293 319
58 309
531 319
66 316
2 28
530 319
61 312
637 319
243 319
196 319
221 319
82 317
286 319
42 302
48 307
173 319
119 319
223 319
286 319
856 319
168 319
1344 319
54 312
150 319
608 319
33 300
26 285
153 319
524 319
23 286
244 319
175 319
471 319
62 313
116 319
177 319
66 316
473 319
56 312
258 319
337 319
8 227
345 319
1177 319
39 302
33 300
11 247
906 319
289 319
240 319
867 319
63 316
342 319
453 319
296 319
481 319
439 319
187 319
1  3
175 319
94 318
12 259
262 319
42 301
104 319
145 319
491 319
478 319
7 219
132 319
462 319
26 286
35 296
248 319
6 193
25 294
5 192
359 319
532 319
43 303
80 317
347 319
364 319
206 319
187 319
166 319
130 319
94 318
72 316
77 316
77 318
319 319
114 319
337 319
232 319
37 301
183 319
388 319
121 319
143 319
140 319
19 272
88 317
497 319
1  3
233 319
337 319
124 319
132 319
158 319
145 319
373 319
0  3
701 319
63 314
348 319
99 317
14 259
30 296
287 319
10 250
92 318
285 319
325 319
58 313
86 317
170 319
485 319
76 318
90 317
132 319
386 319
9 242
440 319
328 319
224 319
351 319
622 319
471 319
194 319
111 319
6 208
9 230
31 290
422 319
51 314
208 319
188 319
54 306
86 318
195 319
176 319
18 278
72 316
164 319
104 319
200 319
41 304
61 312
156 319
115 319
118 319
0  3
188 319
174 319
21 271
143 319
6 216
70 315
318 319
116 319
638 319
112 319
188 319
46 302
122 319
33 299
47 306
202 319
129 319
83 316
121 319
313 319
293 319
23 289
16 266
698 319
197 319
97 319
330 319
349 319
11 246
200 319
14 271
16 278
63 311
71 315
489 319
181 319
167 319
158 319
125 319
216 319
6 198
269 319
248 319
42 301
225 319
308 319
142 319
207 319
375 319
84 315
28 284
26 290
306 319
341 319
137 319
21 280
88 319
260 319
116 319
45 307
88 318
45 302
79 317
103 319
425 319
16 273
299 319
108 319
170 319
1  3
133 319
225 319
340 319
199 319
147 319
1046 319
184 319
68 315
12 253
235 319
80 316
164 319
267 319
59 315
2 28
375 319
86 317
522 319
133 319
89 317
41 297
528 319
43 310
278 319
68 313
19 283
220 319
400 319
189 319
109 319
29 297
499 319
119 319
146 319
86 318
38 308
360 319
32 300
394 319
274 319
403 319
52 308
143 319
401 319
41 281
130 319
53 307
50 297
382 319
32 267
523 319
108 318
13 127
57 311
201 319
170 319
202 319
80 317
162 319
55 312
287 319
621 319
150 319
883 319
35 275
132 319
330 319
138 319
318 319
76 316
625 319
285 319
77 312
833 319
82 315
132 319
629 319
64 311
56 313
215 319
24 228
177 319
221 319
537 319
60 314
397 319
64 305
180 319
44 309
32 268
175 319
99 317
190 319
98 319
44 298
105 318
968 319
442 319
194 319
146 319
131 319
32 280
87 316
49 294
258 319
228 319
1  3
61 317
41 290
5 52
47 301
76 314
433 319
398 319
283 319
114 319
396 319
80 317
96 318
68 316
129 319
28 272
28 248
130 319
194 319
42 306
447 319
346 319
93 318
653 319
1115 319
21 218
242 319
479 319
55 309
142 319
78 316
987 319
32 263
65 314
77 317
44 307
99 319
423 319
347 319
141 319
40 293
38 304
359 319
107 319
112 319
304 319
124 319
96 317
56 306
212 319
170 319
270 319
469 319
29 246
17 229
155 319
147 319
113 319
63 303
135 319
21 201
464 319
4 65
14 185
28 259
279 319
73 315
6 82
237 319
6 96
651 319
13 130
249 319
323 319
258 319
24 240
30 273
29 269
22 259
286 319
47 299
194 319
316 319
809 319
60 301
102 319
164 319
84 317
118 319
178 319
227 319
78 314
101 319
223 319
253 319
51 307
99 317
421 319
131 319
379 319
93 318
112 311
68 309
137 319
59 307
57 312
252 319
76 318
21 226
387 319
18 177
182 319
22 220
107 319
544 319
88 317
46 301
256 319
201 319
228 319
190 319
2 31
344 319
149 319
73 314
96 319
485 319
93 319
279 319
165 319
20 201
158 319
232 319
381 319
153 319
61 306
41 270
446 319
62 315
24 227
44 293
73 298
85 316
155 319
171 319
170 319
16 179
577 319
46 301
66 312
174 319
70 315
93 318
186 319
76 318
844 319
46 305
3 50
238 319
513 319
118 319
561 319
5 65
127 319
193 319
602 319
62 314
283 319
486 319
334 319
105 319
50 308
38 286
131 319
85 310
427 319
5 56
214 319
27 272
30 265
209 319
872 319
348 319
163 319
28 265
19 198
182 319
119 319
226 319
36 267
93 317
913 319
320 319
97 311
10 128
207 319
365 319
64 307
207 319
53 301
70 315
123 319
1  3
128 319
176 319
437 319
129 319
301 319
321 319
187 319
245 319
64 304
11 131
86 318
149 319
81 315
65 311
340 319
78 313
400 319
39 297
27 282
145 319
126 319
135 319
341 319
8 101
176 319
46 291
312 319
101 319
526 319
27 266
477 319
140 319
167 319
149 319
132 319
511 319
32 287
150 319
137 319
373 319
359 319
129 319
88 317
506 319
3 49
42 281
57 310
275 319
54 303
184 319
255 319
460 319
20 244
338 319
156 319
20 231
114 319
35 261
108 319
37 281
168 319
394 319
263 319
109 319
89 318
400 319
445 319
398 319
71 307
99 307
154 319
70 314
578 319
128 319
20 237
69 315
91 318
107 311
85 317
199 319
37 284
214 319
0  3
474 319
6 85
43 289
257 319
210 319
284 319
58 313
97 319
0  3
484 319
54 297
358 319
481 319
223 319
392 319
38 273
16 172
78 317
78 315
314 319
75 309
54 307
622 319
169 319
227 319
141 319
3 41
160 319
111 319
12 159
0  3
608 319
56 311
121 319
98 318
233 319
197 319
160 319
253 319
194 319
49 303
8 102
217 319
310 319
14 155
53 296
207 319
209 319
299 319
18 192
258 319
244 319
84 318
112 318
9 112
26 256
45 287
9 129
85 318
153 319
85 310
115 319
501 319
260 319
49 298
77 310
133 319
72 316
146 319
113 319
37 282
57 291
8 125
286 319
327 319
107 318
7 122
101 318
138 319
326 319
59 313
96 318
41 307
264 319
247 319
211 319
166 319
24 204
285 319
38 273
22 230
93 311
41 285
271 319
262 319
169 319
131 319
41 296
1  3
316 319
140 319
25 260
104 318
26 244
189 319
605 319
154 319
355 319
210 319
191 319
110 319
287 319
52 304
81 311
509 319
388 319
269 319
63 313
161 319
233 319
644 319
42 297
41 290
354 319
40 286
584 319
206 319
207 319
85 318
43 288
129 319
43 292
154 319
329 319
70 315
202 319
159 319
248 319
30 248
8 115
4 67
675 319
173 319
293 319
114 318
276 319
381 319
265 319
31 258
148 319
172 319
190 319
46 290
22 256
12 124
103 318
4 58
181 319
16 199
76 313
3 43
498 319
397 319
137 319
107 319
93 319
201 319
82 318
98 316
79 315
229 319
238 319
22 230
6 75
191 319
188 319
49 304
122 319
53 309
189 319
78 316
208 319
2 37
27 242
251 319
242 319
219 319
62 311
15 212
426 319
31 258
167 319
178 319
224 319
79 317
81 319
316 319
273 319
42 284
135 319
150 319
157 319
139 319
30 274
582 319
111 319
225 319
101 318
389 319
50 299
141 319
24 281
353 319
33 286
118 319
458 319
212 319
107 319
91 318
226 319
166 319
0  3
422 319
130 319
196 319
131 319
274 319
124 319
246 319
222 319
58 315
78 309
84 317
119 319
122 319
230 319
109 319
202 319
226 319
105 319
127 319
184 319
155 319
24 220
233 319
21 228
2 33
235 319
62 311
309 319
26 259
18 215
144 319
80 317
121 319
141 319
343 319
655 319
247 319
527 319
82 318
129 319
80 317
180 319
26 277
135 319
315 319
38 292
122 319
181 319
60 305
108 317
264 319
20 219
11 117
57 308
453 319
47 295
13 124
65 314
53 296
97 318
325 319
104 319
640 319
26 239
419 319
565 319
505 319
228 319
5 70
481 319
48 293
245 319
869 319
92 310
177 319
84 317
134 319
147 319
52 308
198 319
87 316
171 319
233 319
171 319
11 89
52 307
56 311
32 240
10 123
104 317
90 318
54 305
2 25
47 295
66 316
258 319
56 306
272 319
5 47
192 319
298 319
414 319
54 309
21 211
243 319
36 289
130 319
439 319
927 319
329 319
303 319
169 319
115 319
34 268
71 312
270 319
227 319
197 319
409 319
80 317
533 319
190 319
19 220
460 319
111 319
172 319
38 278
713 319
71 315
33 297
31 271
44 308
455 319
220 319
363 319
20 225
431 319
466 319
199 319
532 319
79 310
12 170
234 319
178 319
5 45
0  3
62 302
146 319
229 319
176 319
213 319
104 318
101 319
197 319
145 319
562 319
92 318
261 319
99 319
11 122
85 317
442 319
30 289
103 310
38 279
538 319
9 118
88 318
334 319
150 319
11 123
25 228
458 319
197 319
803 319
19 179
256 319
144 319
29 260
183 319
116 319
35 274
12 147
1172 319
448 319
67 312
545 319
18 187
108 319
287 319
515 319
137 319
464 319
40 280
39 274
267 319
606 319
111 319
57 303
172 319
163 319
148 319
30 273
141 319
48 301
485 319
312 319
118 319
0  3
6 94
60 310
117 319
299 319
60 309
335 319
477 319
82 316
34 287
45 297
400 319
419 319
75 314
143 319
229 319
130 319
1  3
163 319
66 305
479 319
36 263
5 58
134 319
72 315
212 319
73 314
52 299
622 319
235 319
38 290
163 319
464 319
0  3
139 319
994 319
25 232
70 315
460 319
6 87
64 314
546 319
29 256
331 319
57 316
100 317
1  3
61 307
181 319
77 314
760 319
169 319
605 319
148 319
3 44
110 319
142 319
750 319
21 234
46 274
158 319
329 319
68 313
435 319
121 319
212 319
153 319
55 312
294 319
204 319
6 75
771 319
107 319
16 149
26 239
196 319
376 319
37 286
152 319
189 319
16 170
106 319
113 319
95 316
78 318
44 296
12 172
128 319
63 310
20 202
124 319
236 319
68 299
80 313
70 306
18 154
80 308
478 319
74 313
202 319
35 287
242 319
310 319
171 319
100 319
6 74
188 319
277 319
82 310
288 319
19 185
93 319
29 253
132 319
51 310
107 311
37 286
143 319
114 319
12 161
114 319
257 319
192 319
100 319
1  3
38 305
55 314
14 142
358 319
218 319
410 319
70 303
474 319
33 272
140 319
209 319
582 319
168 319
62 308
573 319
103 319
37 289
762 319
431 319
74 307
82 317
60 304
176 319
97 318
318 319
40 286
107 319
321 319
483 319
190 319
355 319
63 314
83 318
181 319
172 319
643 319
161 319
81 315
12 143
238 319
136 319
168 319
17 168
375 319
163 319
88 317
547 319
144 319
58 308
423 319
319 319
184 319
297 319
392 319
101 318
41 288
111 319
743 319
15 167
136 319
75 316
247 319
151 319
216 319
57 312
65 313
38 302
53 293
2 31
387 319
43 307
76 314
245 319
181 319
207 319
468 319
521 319
282 319
33 246
520 319
368 319
2 28
222 319
231 319
125 319
151 319
137 319
189 319
35 285
49 290
36 261
9 94
148 319
74 317
67 313
74 306
122 319
151 319
4 30
102 309
70 287
0  3
40 148
156 319
28 118
184 319
62 259
306 319
146 311
7 63
190 319
70 280
124 319
59 232
72 278
546 319
208 319
248 319
80 296
39 184
41 207
18 116
22 102
61 263
76 315
20 96
25 113
75 293
200 319
365 319
255 319
1225 319
60 255
76 289
315 319
454 319
23 146
47 244
351 319
69 258
676 319
138 319
59 279
154 319
24 121
288 319
165 319
39 189
458 319
114 311
242 319
118 319
169 319
155 319
28 161
19 109
50 209
31 146
2 27
8 39
1160 319
553 319
209 319
184 319
173 319
415 319
18 91
24 113
54 241
483 319
52 248
4 34
21 84
155 319
171 319
103 319
74 280
3 31
55 281
127 319
238 319
406 319
78 308
420 319
87 298
17 57
6 20
324 319
276 319
431 319
217 319
49 246
62 281
156 319
95 303
309 319
32 154
143 319
105 296
86 308
456 319
414 319
7 55
459 319
305 319
150 319
433 319
337 319
87 296
176 319
343 319
157 319
380 319
30 147
343 319
353 319
63 273
214 319
74 261
74 288
116 319
40 221
70 302
199 319
374 319
58 271
84 295
80 309
263 319
262 319
146 319
75 288
245 319
35 202
66 286
69 287
78 265
414 319
8 20
25 154
246 319
100 314
44 226
106 311
91 295
155 319
620 319
363 319
107 319
494 319
152 317
169 319
242 319
169 319
260 319
216 319
40 219
76 290
31 172
62 289
110 311
197 319
118 319
118 319
404 319
276 319
38 205
320 319
367 319
102 311
35 189
65 294
131 319
373 319
1  3
130 319
173 317
487 319
51 248
174 319
317 319
7 59
142 319
65 263
660 319
5 36
30 162
52 228
101 309
49 243
40 183
212 319
4 38
185 319
59 269
711 319
85 288
247 319
15 71
9 81
25 106
263 319
43 211
415 319
70 306
0  3
89 311
240 319
220 319
223 319
242 319
128 319
48 221
389 319
10 43
108 319
476 319
62 300
42 213
262 319
83 288
196 319
384 319
192 319
290 319
135 319
252 319
148 319
111 311
270 319
1  3
70 278
357 319
322 319
46 227
272 319
92 291
190 319
180 319
291 319
52 241
225 319
285 319
210 319
290 319
277 319
244 319
302 319
40 216
41 214
20 122
541 319
236 319
1165 319
59 262
136 319
164 319
119 319
61 284
20 135
108 302
28 147
19 117
16 109
147 319
95 298
148 319
73 295
639 319
133 319
148 311
110 319
24 137
135 319
25 147
28 175
26 76
207 319
30 146
56 254
427 319
64 261
93 311
7 54
219 319
378 319
21 104
127 311
203 319
427 319
38 176
55 265
37 201
57 246
823 319
242 319
123 319
55 247
41 186
84 309
14 74
246 319
60 256
36 172
342 319
82 315
304 319
455 319
118 311
30 125
46 234
182 319
152 319
292 319
249 319
887 319
227 319
81 291
141 319
31 192
260 319
55 269
367 319
48 252
6 42
342 319
229 319
348 319
158 319
62 285
271 319
0  3
141 319
31 171
90 304
101 304
20 103
42 246
439 319
172 319
356 319
68 284
45 231
271 319
20 102
135 319
9 71
211 319
408 319
1  3
35 196
66 285
4 36
225 319
13 78
56 278
66 264
120 308
127 319
396 319
102 306
3 23
110 311
470 319
210 319
49 255
5 34
130 319
98 302
3 29
62 235
148 319
392 319
10 61
135 318
677 319
91 304
89 319
26 134
97 311
39 224
274 319
18 81
42 174
8 40
126 319
113 312
100 319
97 311
141 319
148 319
141 319
338 319
174 319
12 73
116 319
283 319
222 319
9 33
46 228
389 319
474 319
455 319
358 319
12 59
293 319
336 319
86 308
5 18
22 130
494 319
9 45
141 319
308 319
115 301
296 319
134 319
22 101
143 319
140 319
575 319
275 319
15 75
22 108
102 313
72 267
114 319
24 148
46 238
97 302
567 319
769 319
25 119
99 319
428 319
381 319
171 319
116 319
45 209
55 268
222 319
196 319
444 319
4 28
32 172
23 146
367 319
251 319
58 244
473 319
119 319
40 193
211 319
109 319
260 319
22 75
174 319
170 319
62 269
1  3
427 319
256 319
22 110
95 311
137 319
21 102
26 141
20 72
249 319
142 319
326 319
87 316
109 319
274 319
256 319
445 319
115 319
67 297
358 319
81 310
44 239
102 310
39 179
214 319
1  3
68 284
203 319
799 319
62 265
542 319
24 135
39 179
79 294
63 275
13 64
212 319
303 319
8 83
28 155
59 277
75 299
68 291
72 298
89 295
400 319
248 319
347 319
10 46
115 319
296 319
20 76
61 283
170 319
402 319
46 260
97 296
122 319
11 60
168 319
146 319
200 319
47 243
230 319
202 319
44 233
191 319
14 51
215 319
39 185
179 319
225 319
29 170
67 278
643 319
1  3
327 319
126 319
319 319
129 311
31 177
11 52
138 311
274 319
369 319
9 64
53 266
161 319
70 278
77 294
100 294
282 319
533 319
32 159
115 312
144 319
65 287
139 319
86 303
1074 319
117 319
16 92
396 319
82 280
282 319
47 229
143 319
4 25
110 306
568 319
38 194
336 319
20 139
307 319
233 319
37 253
46 173
13 80
653 319
241 319
96 317
582 319
140 319
130 319
630 319
36 188
40 191
145 319
95 289
253 319
106 313
237 319
322 319
240 319
224 319
145 319
198 319
36 188
90 313
703 319
189 319
902 319
51 224
52 243
201 319
270 319
185 319
350 319
355 319
18 105
123 306
137 314
21 127
211 319
458 319
172 319
195 319
30 188
79 303
118 319
2 28
156 319
25 187
152 319
182 319
110 306
253 319
39 169
257 319
28 149
233 319
30 138
37 188
7 75
159 319
724 319
227 319
165 319
166 319
146 319
96 303
30 166
691 319
676 319
33 203
98 319
8 49
549 319
340 319
123 319
65 280
36 159
3 44
269 319
96 318
151 319
32 127
154 319
14 68
9 47
63 271
56 266
269 319
95 303
21 132
252 319
185 319
12 63
209 319
34 157
177 319
47 238
51 250
284 319
202 319
290 319
76 302
247 319
55 271
72 287
215 319
19 106
212 319
74 288
638 319
148 319
406 319
105 311
33 176
81 293
305 319
193 319
73 303
425 319
25 127
18 65
87 308
651 319
773 319
68 272
128 319
31 138
8 48
621 319
206 319
216 319
124 319
171 316
17 95
47 199
93 310
387 319
55 249
94 317
126 311
305 319
88 304
164 319
39 183
112 311
108 312
92 305
16 84
537 319
516 319
78 274
275 319
157 319
125 319
183 319
137 306
255 319
313 319
37 205
163 319
27 134
332 319
140 319
195 319
101 316
12 57
897 319
218 319
63 270
391 319
299 319
418 319
155 319
195 319
73 294
84 296
32 210
508 319
47 197
226 319
112 319
351 319
452 319
7 41
153 319
162 319
22 114
137 311
102 319
11 67
430 319
74 272
21 103
94 311
39 172
148 319
173 319
11 54
788 319
219 319
12 38
166 319
148 313
501 319
151 319
146 319
61 256
58 245
316 319
244 319
65 265
184 319
267 319
299 319
244 319
11 86
110 310
1223 319
339 319
40 208
383 319
172 319
137 304
264 319
60 287
498 319
70 278
326 319
27 143
177 319
139 319
226 319
651 319
685 319
353 319
46 176
190 319
168 319
494 319
126 311
24 149
118 319
105 319
30 145
10 61
8 69
110 313
70 255
45 218
403 319
105 310
21 82
220 319
227 319
53 242
83 292
18 57
393 319
230 319
25 134
215 319
37 184
620 319
10 76
123 319
24 121
7 52
374 319
80 308
8 42
39 197
641 319
226 319
475 319
82 284
2 24
412 319
340 319
152 319
240 319
355 319
79 310
87 311
923 319
167 319
309 319
188 319
382 319
98 313
117 311
14 94
381 319
375 319
12 79
353 319
69 284
85 316
87 298
13 69
80 304
84 289
115 311
99 312
17 46
296 319
362 319
240 319
26 159
86 265
340 319
159 319
113 319
19 59
307 319
175 319
30 149
287 319
182 319
1566 319
19 89
107 294
73 273
97 319
15 109
141 319
108 311
23 128
358 319
22 90
548 319
73 272
212 319
117 319
606 319
153 319
49 207
12 81
615 319
53 254
216 319
132 319
139 319
71 300
196 319
90 291
2 25
306 319
145 319
78 295
340 319
339 319
25 117
9 45
255 319
256 319
144 311
20 119
804 319
47 241
111 304
145 311
13 66
91 319
114 319
777 319
203 319
177 319
218 319
144 319
102 319
112 304
23 125
639 319
295 319
237 319
55 237
105 318
31 137
57 280
125 311
130 319
158 319
239 319
74 293
304 319
1  3
58 262
197 319
186 319
33 178
24 145
46 183
300 319
89 299
39 150
279 319
340 319
473 319
19 94
13 97
25 174
741 319
125 319
198 319
46 223
4 28
415 319
33 168
125 312
201 319
9 73
85 309
175 319
169 311
50 224
43 200
374 319
186 319
173 319
86 294
354 319
65 285
250 310
8 33
233 314
347 319
162 300
60 143
33 107
271 319
73 229
214 313
46 133
278 319
95 249
45 137
149 291
11 26
173 312
45 143
213 312
83 214
18 63
47 155
180 310
24 87
40 133
28 42
183 319
332 319
125 293
45 122
456 319
332 319
156 289
39 61
65 205
13 33
195 319
7 18
40 92
163 305
406 319
360 319
543 319
36 89
286 319
90 250
139 292
272 319
9 31
376 319
71 214
30 117
51 130
0  3
62 106
111 278
249 319
36 84
177 319
24 78
104 256
360 319
159 285
583 319
570 319
590 319
49 118
568 319
408 319
1  3
94 251
56 147
477 319
13 58
112 263
546 319
21 68
135 302
154 282
69 146
69 189
228 319
21 76
27 92
97 238
65 221
188 319
48 160
89 238
23 40
48 153
127 291
190 288
338 319
161 299
411 319
271 309
350 319
164 311
3 28
137 297
591 319
530 319
83 226
297 319
172 308
675 319
288 319
574 319
70 188
149 315
194 312
109 271
188 311
188 319
86 219
231 312
111 309
139 287
353 319
9 53
197 319
152 313
57 187
80 216
30 87
164 303
65 217
73 210
93 267
300 319
205 319
256 319
145 294
592 319
28 82
53 110
464 319
32 70
69 156
495 319
91 249
5 35
321 319
64 179
95 241
19 56
288 318
104 262
46 156
45 107
104 238
145 285
64 168
56 192
196 311
55 162
19 60
19 53
203 313
85 218
132 296
20 37
13 51
164 319
158 311
35 105
6 21
62 183
108 286
152 298
38 153
254 319
279 319
160 308
2 29
260 319
737 319
272 319
124 291
335 312
42 137
94 208
209 319
198 318
80 211
90 228
257 319
104 274
272 319
371 319
18 33
847 319
191 304
135 293
26 79
191 319
75 226
35 91
203 312
182 312
210 318
94 224
544 319
184 319
194 304
332 319
98 247
17 83
18 75
19 55
35 113
39 119
465 319
21 45
74 225
6 30
132 292
26 76
151 291
748 319
63 151
177 305
220 319
538 319
111 284
1256 319
8 34
202 319
126 286
56 189
202 319
228 319
14 30
52 142
168 313
52 155
75 176
167 311
21 55
17 42
46 93
178 297
136 292
150 296
126 272
124 287
10 32
143 305
175 312
288 319
0  3
514 319
75 201
26 75
149 313
116 246
32 98
223 313
134 285
124 254
39 120
156 292
258 319
57 168
143 280
60 153
381 319
40 113
135 282
24 88
32 81
87 258
0  3
66 203
101 261
47 133
94 246
132 298
110 269
44 139
81 261
16 78
7 25
229 319
82 218
138 292
32 104
24 57
30 72
37 116
163 309
196 311
136 289
2 26
29 79
103 261
148 291
8 23
86 239
487 319
109 279
136 295
117 286
541 319
49 128
124 260
0  3
42 122
43 132
44 151
98 269
151 307
306 314
25 59
15 36
31 109
57 160
38 116
183 319
839 319
185 313
79 203
17 58
222 311
13 38
98 253
535 319
172 292
374 319
50 161
28 87
253 319
20 48
131 312
87 250
186 319
27 61
261 319
272 319
118 293
5 23
31 102
40 128
970 319
56 179
139 287
249 319
2 26
9 36
114 258
222 314
64 182
84 208
288 319
41 109
419 319
103 250
0  3
7 23
354 319
11 16
88 240
87 231
213 313
253 319
64 211
134 293
13 47
48 154
11 35
26 60
184 305
241 301
38 109
23 107
23 91
87 258
42 97
193 315
401 319
104 242
65 198
84 249
87 189
57 174
6 25
34 81
46 120
82 225
358 319
208 312
278 319
136 295
243 317
10 43
13 53
168 307
236 319
73 180
175 313
387 319
95 278
176 319
442 319
210 306
88 232
215 319
109 278
576 319
151 297
204 314
139 310
69 148
221 319
58 159
337 319
335 319
174 313
73 173
86 223
31 76
77 203
14 37
240 319
24 81
380 319
204 310
35 124
232 319
7 21
229 319
119 282
250 319
332 319
50 202
397 319
344 319
145 300
43 154
225 319
302 319
125 303
10 18
139 298
21 52
222 319
91 271
421 319
653 319
195 319
19 49
344 319
236 319
17 59
31 65
156 304
188 314
100 276
11 48
256 319
93 242
159 277
148 296
302 311
216 319
156 297
111 274
373 319
68 219
260 319
43 111
76 238
65 200
701 319
11 22
229 314
47 128
230 316
80 222
11 59
74 219
555 319
105 240
463 319
19 40
389 319
363 319
35 83
70 210
71 238
147 304
300 319
221 312
4 44
258 313
89 241
559 319
990 319
524 319
79 232
330 319
55 181
911 319
200 314
300 319
84 239
51 119
51 114
195 318
315 319
346 319
327 319
4 32
91 229
335 319
51 146
179 319
106 281
126 285
130 293
583 319
21 40
184 315
35 100
52 179
43 108
373 319
279 319
386 319
207 313
252 319
64 176
195 319
372 318
314 319
18 64
273 319
13 35
94 268
228 314
41 89
26 84
823 319
489 319
22 59
146 303
8 13
83 220
123 287
569 319
10 36
162 305
106 274
145 294
31 123
4 17
574 319
159 294
26 71
17 71
121 292
17 42
66 205
17 50
417 319
254 319
139 289
209 319
356 319
304 319
249 319
43 72
38 145
217 313
243 319
277 319
60 178
122 284
31 81
1093 319
491 319
0  3
51 154
92 237
75 180
217 319
142 288
116 284
333 319
79 204
741 319
252 319
172 312
29 91
58 178
61 166
79 238
312 319
37 147
10 16
101 267
36 140
622 319
74 193
77 202
150 319
181 315
210 319
86 248
256 319
112 251
176 306
174 314
1  3
440 319
284 314
490 319
66 197
153 312
191 306
116 287
124 304
408 319
471 319
689 319
135 298
47 123
179 319
2 30
568 319
269 319
96 264
70 190
119 283
13 24
15 70
621 319
69 222
137 301
484 319
77 210
34 92
178 313
506 319
204 319
149 293
60 179
274 319
17 57
4 40
11 41
391 319
123 260
132 311
677 319
56 154
335 319
59 156
138 304
5 47
90 252
134 300
464 319
155 300
81 232
799 319
157 319
17 29
392 319
149 285
180 319
15 44
336 319
123 294
152 304
248 319
102 246
41 136
769 319
634 319
40 99
15 44
261 319
20 73
417 319
90 217
52 175
423 319
11 21
425 319
63 220
149 310
133 298
201 319
255 319
162 312
349 319
37 119
91 203
170 319
94 236
40 128
302 319
74 194
123 283
467 319
58 192
210 312
184 311
50 133
1010 319
243 319
87 234
48 140
189 310
32 138
113 234
71 213
215 319
10 20
8 19
50 147
308 319
68 206
55 182
18 43
77 231
123 285
137 297
5 34
3 24
86 230
260 313
105 292
27 111
387 319
18 61
282 319
68 201
447 319
2 26
177 302
50 134
80 208
201 314
2 24
155 301
9 24
176 305
15 49
42 157
75 231
35 98
104 257
248 319
6 55
228 319
91 212
111 263
67 193
55 163
497 319
119 278
108 279
1  3
39 109
23 69
53 134
123 306
116 285
202 319
515 319
52 167
533 319
63 203
487 319
99 285
4 25
15 64
29 78
100 263
246 319
67 187
476 319
71 197
387 319
128 305
89 250
342 319
90 239
1  3
189 318
11 29
174 285
127 274
16 61
159 314
467 319
426 319
62 135
115 291
593 319
27 93
69 245
104 279
18 57
31 111
30 81
110 247
277 304
232 319
256 309
167 285
40 106
166 319
146 310
304 319
1  3
407 319
56 128
91 253
199 319
109 297
90 248
178 311
67 175
139 292
18 73
418 319
60 170
361 319
203 297
204 319
261 319
101 257
181 319
313 319
651 319
129 261
107 297
338 319
54 135
366 319
60 171
377 319
25 92
302 319
175 312
417 319
130 310
24 54
53 140
42 133
41 122
268 319
293 319
84 248
251 319
40 104
101 265
70 189
74 238
56 161
38 87
67 169
23 55
78 244
176 300
128 284
147 305
143 295
296 319
133 307
299 319
97 239
393 319
184 319
120 262
362 319
24 36
1273 319
115 279
89 183
72 193
439 319
497 319
103 255
25 64
212 314
148 304
338 319
81 226
208 311
160 305
186 312
382 319
526 319
64 180
79 184
67 165
112 260
49 174
125 258
55 130
73 200
35 108
98 267
150 301
12 50
124 284
679 319
31 40
208 317
131 293
95 269
524 319
235 303
37 84
288 319
104 255
327 319
453 319
684 319
165 303
114 262
306 319
126 264
125 261
326 319
71 244
196 303
149 299
313 319
345 319
139 295
316 319
137 287
451 319
37 128
255 311
62 189
22 78
57 177
43 108
77 228
31 82
361 319
88 244
13 52
481 319
311 319
52 159
232 305
244 319
29 103
387 319
15 65
64 190
113 249
3 34
34 68
138 295
89 264
17 55
232 319
113 276
71 218
138 282
136 278
53 179
132 293
360 319
41 103
278 319
41 106
12 20
225 319
89 277
2 31
381 319
87 227
80 235
422 319
107 255
366 319
690 319
60 232
197 319
95 218
158 308
32 98
189 312
89 232
470 319
9 31
237 319
504 319
53 175
492 319
435 319
185 297
136 230
272 301
86 171
200 298
190 297
28 56
201 258
302 297
17 29
55 141
187 266
2 29
281 306
18 11
522 319
688 319
139 221
270 298
581 319
414 318
167 276
217 279
9 49
115 221
56 95
94 159
616 319
187 291
186 283
188 260
54 81
189 265
587 319
161 259
67 142
144 216
329 319
1  3
75 115
42 49
356 319
8  9
152 234
31 63
254 312
2 27
190 264
90 183
137 227
129 218
86 171
267 319
6 12
128 228
12 20
20 49
369 312
763 319
13 18
14 48
129 224
421 317
99 178
101 179
7 25
0  3
184 277
160 237
81 172
247 303
2 22
46 105
534 319
19 26
318 305
1  3
38 79
63 92
33 65
440 315
538 319
179 264
90 146
27 58
395 311
327 299
33 67
134 203
202 254
167 272
26 69
96 177
154 268
0  3
234 279
89 135
135 217
58 106
54 103
21 52
391 319
192 259
58 76
3 24
2 25
54 93
193 280
23 58
7 38
322 316
77 121
66 130
40 48
66 95
212 282
141 208
345 319
28 44
249 266
190 280
146 201
363 319
503 318
40 47
81 116
237 293
24 49
177 264
327 319
290 314
61 149
10 24
39 77
411 319
487 319
121 253
435 312
16 41
34 72
145 244
334 319
72 135
300 319
417 319
408 319
178 257
78 160
160 260
38 39
418 319
233 287
30 75
69 170
526 319
412 305
426 319
330 315
102 178
51 55
78 162
49 109
10 32
55 74
189 269
78 171
307 315
25 60
156 263
31 70
134 226
333 312
15 45
220 298
238 289
74 125
327 317
449 319
459 319
63 113
240 295
25 28
52 99
133 266
215 275
153 273
142 245
87 130
123 280
24 34
132 233
81 197
52 115
18 15
82 89
0  3
409 319
48 100
43 56
60 116
49 72
139 247
138 270
48 52
59 87
162 252
135 227
294 313
195 282
177 252
192 247
169 279
1  3
53 82
35 74
225 271
11 33
102 184
11 31
414 319
357 291
651 319
94 195
167 253
62 91
49 101
785 319
197 307
33 41
86 154
23 45
73 163
20 59
4 26
214 280
58 97
71 69
265 305
202 263
156 233
170 244
176 244
61 105
77 128
81 162
175 237
191 302
122 250
10 29
118 246
200 289
207 304
65 114
57 108
87 169
105 197
12 35
315 306
946 319
105 168
25 35
243 286
24 36
19 24
300 310
111 159
50 105
149 252
133 229
188 274
188 256
685 319
21 66
816 319
116 243
32 45
3 30
207 279
237 288
34 70
38 78
369 319
79 131
151 257
9 28
104 171
47 120
41 78
309 319
33 47
93 143
122 250
330 317
526 319
22 49
25 33
220 286
302 298
215 278
154 264
154 228
181 258
26 23
299 283
223 290
31 35
270 303
240 314
417 319
37 61
191 252
364 304
7 20
6 21
34 51
85 143
293 313
34 48
63 139
361 319
22 56
73 144
166 235
342 319
51 84
51 78
90 192
133 229
32 52
497 319
131 206
157 271
94 170
62 80
76 146
37 50
25 26
103 201
112 152
244 302
198 291
223 299
331 319
34 77
7 42
54 89
99 151
76 139
411 313
49 93
671 319
68 102
108 165
85 155
303 300
257 306
613 319
0  3
373 319
76 97
208 291
37 84
563 319
302 319
27 48
70 131
211 303
86 174
378 312
61 154
559 319
76 104
126 218
30 35
395 319
16 19
79 115
5 24
64 142
11 39
66 92
186 295
180 292
169 271
21 27
20 27
358 312
135 249
125 218
137 232
259 287
207 286
3 20
216 286
162 263
98 194
356 312
258 311
497 319
19 48
366 319
273 308
56 106
163 275
48 81
21 45
222 278
121 232
203 282
177 290
244 282
508 319
60 112
19 35
129 212
50 83
330 319
42 66
191 298
155 231
167 259
81 157
51 74
25 35
102 204
289 311
31 45
291 303
629 319
83 160
89 134
242 308
218 296
73 145
86 161
95 133
220 286
101 159
255 306
52 75
7 24
187 255
72 156
14 33
250 304
79 129
20 22
165 266
220 286
364 316
4 20
64 108
102 195
116 175
139 244
324 307
11 28
75 146
107 232
71 114
277 313
5 12
120 214
28 64
301 319
91 129
214 245
25 60
320 312
1059 319
465 319
81 161
343 314
4 33
18 10
262 310
167 233
0  3
218 303
297 309
227 311
99 139
66 77
40 61
79 140
90 163
579 319
3 42
534 319
13  9
203 268
11 36
45 55
55 79
95 186
360 305
177 275
164 254
123 215
353 315
75 120
112 258
13 33
47 87
223 290
6 39
14 10
327 319
421 319
375 319
180 250
101 182
300 312
44 102
121 227
76 112
49 95
153 252
209 298
66 90
624 319
431 312
43 72
348 316
302 293
15 40
7  9
25 69
123 245
1  3
136 215
234 298
7  9
244 297
127 208
172 239
114 191
16 65
600 319
438 307
422 312
12 11
252 299
142 226
23 49
12 27
153 248
356 317
381 319
44 103
130 238
506 307
149 260
15 34
120 207
334 306
54 100
170 283
15 55
62 102
263 295
55 65
91 184
256 311
85 149
168 253
57 65
61 151
21 60
3 24
262 310
33 29
49 107
384 319
103 186
139 250
3 27
81 184
43 49
30 55
308 318
272 309
93 189
160 293
1012 319
33 73
66 127
1089 319
497 319
1055 319
64 105
411 319
289 319
376 312
108 196
428 311
284 298
111 176
30 43
178 283
279 319
183 291
780 319
230 283
616 319
131 211
457 319
170 272
197 267
64 110
418 313
190 272
47 81
12 39
141 233
729 319
637 319
525 319
135 258
33 41
314 313
155 268
99 160
178 248
77 138
81 63
41 60
227 282
294 319
116 198
27 48
6 20
269 312
214 298
28 57
563 319
243 282
67 122
19 21
81 142
63 100
13 26
45 54
556 319
25 42
25 40
8  5
56 95
60 74
210 299
88 176
197 276
538 319
203 283
177 247
254 300
611 319
122 219
485 319
449 319
362 313
85 153
166 279
234 279
223 291
72 136
166 267
254 299
25 74
91 146
101 232
137 218
80 139
138 259
95 181
508 319
121 183
15 24
66 109
675 319
568 319
126 202
317 311
628 319
155 242
54 96
140 211
386 303
49 82
254 310
55 139
545 318
406 311
273 319
419 311
201 293
154 260
244 287
246 298
338 290
8 33
371 311
334 314
481 319
154 265
245 292
187 291
16 24
126 205
218 312
151 260
70 149
319 319
42 71
1251 319
175 284
160 236
267 289
31 69
48 78
110 166
100 203
60 134
90 111
29 63
42 132
224 285
211 283
638 319
23 31
2 26
68 93
92 165
208 278
71 90
81 135
262 292
38 72
76 99
219 284
88 189
5 29
65 106
164 283
230 282
79 144
223 300
231 297
49 69
99 164
6 15
292 288
349 318
299 304
1  3
54 108
329 311
625 319
131 227
107 159
211 313
11 31
638 319
330 319
51 97
210 280
231 283
23 39
685 319
62 95
100 179
136 245
262 300
15 50
282 304
23 37
257 305
272 304
133 261
445 319
149 282
448 314
598 319
333 309
218 305
85 119
247 298
79 143
42 82
686 319
462 311
139 264
8 21
2 26
85 151
69 106
32 50
150 224
52 98
223 271
549 319
34 56
190 278
173 264
436 319
12 36
271 299
223 300
52 67
127 218
80 133
73 137
126 211
216 277
61 103
17 53
859 319
259 303
66 118
129 215
52 87
33 54
221 280
420 313
103 182
188 288
17 42
181 239
27 58
566 319
219 275
38 78
49 89
38 86
47 71
181 292
217 298
112 203
60 135
179 266
34 51
238 314
80 145
150 261
143 223
80 153
236 294
125 205
68 102
612 319
379 313
79 156
8 18
198 270
32 38
184 285
70 137
121 249
298 304
448 319
261 290
42 103
318 311
369 304
21 43
260 286
248 309
11 40
106 210
34 81
95 160
113 152
19 19
560 319
49 55
41 57
266 301
61 109
58 98
271 311
250 277
40 36
73 146
518 317
72 124
239 300
118 214
153 278
52 62
134 220
21 46
41 71
230 290
593 319
103 187
206 296
24 63
94 133
4 26
183 311
34 60
251 295
234 309
96 190
41 50
202 267
37 40
56 92
494 319
136 185
296 319
39 49
26 53
67 110
484 319
189 281
302 306
295 312
45 85
136 213
21 49
70 141
15 33
440 319
107 216
154 277
129 263
5 15
44 80
165 276
179 258
14 37
315 306
38 34
67 99
228 300
23 47
18 34
224 312
30 29
39 64
59 48
64 155
232 302
333 309
111 206
329 319
182 263
0  3
331 306
245 304
587 319
33 55
1030 319
313 319
139 236
146 235
14 13
330 319
91 200
16 40
30 53
142 244
798 319
103 223
145 243
329 319
40 60
102 177
565 319
197 279
33 69
197 286
347 319
2 23
76 153
182 281
211 295
111 197
84 220
56 113
20 37
287 311
182 297
12 29
105 205
10 26
3 29
173 226
106 209
282 304
182 268
36 70
72 166
49 52
50 71
110 200
160 282
46 80
201 230
51 58
24 44
51 63
16 37
291 241
103 152
56 99
335 275
66 57
22 32
513 319
576 319
20 27
37 35
167 239
311 282
232 239
476 305
272 275
68 126
176 197
30 42
204 239
167 203
1  3
53 65
346 283
135 141
441 304
6 10
307 255
275 266
39 41
3 13
219 231
17 27
59 68
1  3
84 86
328 296
74 87
542 319
28 20
14 19
35 38
562 319
98 117
349 293
47 84
10 17
335 295
604 319
457 307
189 235
273 273
1634 319
78 112
56 67
428 284
106 90
100 146
1186 319
27 55
52 61
13 24
119 150
205 223
3 14
63 93
166 217
106 104
44 62
296 276
72 49
270 252
89 121
155 164
110 150
87 111
357 289
37 65
103 142
111 129
294 289
180 187
75 139
74 106
217 241
381 303
75 74
141 207
32 38
246 214
49 50
65 92
68 83
1  3
81 82
185 220
26 36
89 110
292 306
275 265
276 291
222 256
111 150
29 48
59 87
367 280
175 243
69 126
14 18
66 89
29 39
513 312
354 275
154 197
455 312
63 127
220 224
114 127
90 116
116 142
22 51
130 162
8  6
393 295
275 296
213 228
48 57
106 90
10 18
15 28
38 55
179 195
317 271
4 28
119 171
46 70
116 170
190 208
105 124
24 43
96 118
206 229
269 265
63 86
20 39
971 319
14 13
6 28
48 58
340 291
39 80
5 22
313 279
70 66
483 302
112 116
56 68
199 244
86 96
261 247
109 122
327 301
366 302
46 67
136 143
61 43
208 255
21 47
314 308
4 31
174 231
105 119
32 46
136 183
596 319
226 245
45 42
165 241
4 18
270 262
668 319
177 204
12 22
4 15
32 49
109 123
131 141
80 134
315 297
377 292
2 23
238 273
5 21
64 88
36 32
211 271
65 87
152 220
213 250
323 295
99 118
506 311
294 284
47 83
2 27
84 70
16 24
233 266
285 265
325 273
168 159
285 259
52 74
261 244
128 165
372 300
2 29
203 188
107 186
147 189
69 68
35 23
142 204
25 20
71 76
386 268
232 281
12 50
127 191
27 31
106 149
320 280
116 136
11 39
90 134
21 29
81 81
630 304
29 33
124 164
31 36
38 41
48 65
20 29
377 304
23 18
73 93
43 49
130 164
7  7
19 20
7 18
24 51
215 236
378 291
24 38
194 225
278 257
98 157
4 26
75 119
36 45
21 37
4 18
4 22
60 78
64 87
75 89
80 88
115 144
105 130
188 231
209 259
102 122
260 251
235 249
125 145
338 286
48 89
90 75
94 130
211 218
308 297
32 48
29 44
76 76
237 233
223 222
60 76
9 20
160 182
355 301
61 86
349 294
77 140
92 100
50 60
248 224
298 276
309 290
381 306
253 248
365 290
228 225
680 319
1116 319
136 187
49 93
385 307
8 27
212 217
112 127
230 238
210 240
294 287
273 279
313 273
11 31
61 98
105 146
9 33
31 31
449 319
22 35
128 164
184 217
133 146
202 252
3 15
43 71
143 156
17 37
133 180
85 94
312 303
282 256
50 75
48 83
90 95
155 207
3 20
347 284
312 287
79 115
199 221
333 291
6 43
424 310
195 177
307 271
62 84
165 156
121 138
172 206
237 265
18 42
182 210
356 297
38 44
42 18
23 29
447 295
425 290
133 155
107 139
359 293
206 254
507 308
59 87
31 23
11 25
3 40
186 233
48 67
150 191
339 309
33 44
147 174
21 25
270 270
66 55
104 129
126 147
501 302
149 183
145 180
123 147
88 117
28 23
73 80
42 74
215 248
131 160
260 253
136 161
49 57
112 123
52 111
65 61
80 97
35 49
94 73
1559 319
208 225
232 214
415 305
34 36
50 37
131 160
158 197
108 159
102 92
104 162
154 205
37 52
18 40
49 64
45 69
29 18
65 64
258 297
334 273
67 84
471 313
129 179
23 27
135 123
141 168
7 15
34 37
225 195
200 228
103 108
203 225
45 46
126 197
96 115
24 25
147 187
19 40
486 301
30 27
5 20
250 250
254 244
5 41
93 130
74 82
12 19
555 319
436 312
292 271
270 243
731 317
12 18
12 37
216 227
320 296
375 298
177 200
11 27
266 246
153 209
110 132
55 93
187 172
103 154
44 62
117 167
468 319
41 41
21 32
116 132
471 297
28 52
31 46
125 136
92 105
27 52
155 164
18 52
269 248
546 315
10 25
256 255
141 163
723 319
205 242
202 237
114 152
24 36
764 319
132 234
259 248
97 115
72 128
22 35
33 56
448 305
7 25
138 175
636 313
85 92
892 319
15 18
7 26
291 258
7 34
49 48
202 254
54 23
513 311
397 300
69 128
115 126
125 135
161 220
53 45
1  3
5 21
278 275
45 93
131 170
50 67
559 319
35 27
244 259
19 30
42 41
15 18
94 113
363 319
61 101
351 306
283 250
207 224
6 35
494 306
456 304
454 300
62 70
303 284
121 146
205 252
68 99
22 38
25 37
58 81
38 26
243 268
104 130
11 19
25 25
16 26
80 134
400 306
57 83
114 146
574 318
260 243
58 50
291 277
290 276
65 105
438 303
24 41
220 258
130 190
77 86
116 152
312 272
48 48
442 312
181 221
350 311
152 213
285 253
75 71
59 29
154 205
212 215
95 110
95 80
54 68
6 11
266 283
69 90
443 313
69 90
170 223
102 102
248 251
289 269
43 101
352 297
5 32
326 258
85 117
242 255
93 99
98 118
266 272
467 293
84 96
76 77
1422 319
526 319
187 227
555 313
39 57
207 260
59 87
108 112
233 251
25 35
121 135
214 225
79 92
105 126
9 17
294 300
13 11
335 278
130 136
42 36
19 14
11 19
226 245
233 252
227 274
17 27
268 286
285 253
41 43
174 206
22 17
142 191
83 97
15 40
101 116
112 118
180 218
320 295
497 319
449 318
280 267
12 30
122 144
72 59
130 164
146 194
49 54
24 41
51 59
154 164
283 282
4 25
138 168
16 23
299 263
305 255
129 197
87 98
254 281
43 45
90 88
638 319
34 25
8 17
213 248
110 108
199 243
11 24
107 142
269 284
594 319
4 22
200 213
70 72
11 15
113 109
184 192
269 275
410 312
27 50
23 29
114 122
371 285
40 77
134 173
74 78
78 105
11 16
105 127
554 319
48 75
165 183
246 250
121 151
365 319
16 44
111 108
361 296
390 301
36 73
127 162
641 319
177 204
84 95
245 234
178 171
111 158
1805 319
30 43
130 173
413 311
28 59
127 167
494 306
65 80
309 305
204 213
439 313
24 41
251 232
175 195
5 28
391 294
5 18
225 245
189 216
434 296
169 206
16 38
10 20
425 309
91 85
28 29
8 12
7 42
10 42
258 246
124 163
58 65
408 284
40 29
424 289
174 194
273 281
310 290
245 249
156 193
138 147
219 236
69 114
93 117
307 271
335 295
181 223
31 19
394 305
123 154
96 126
338 298
18 15
188 199
184 213
92 69
5 21
87 99
122 142
67 78
608 319
688 312
175 204
142 171
17 28
771 319
8 13
270 309
130 159
14 48
174 205
204 176
112 128
106 94
1162 319
55 79
79 98
553 311
116 113
482 319
76 124
350 280
73 92
374 319
330 297
2 28
35 49
75 72
146 173
5 24
35 41
400 305
120 121
24 38
749 315
110 143
102 171
311 299
33 27
13 24
32 61
203 238
89 91
54 95
70 102
181 228
401 276
92 151
672 319
54 72
98 122
93 110
105 159
215 237
35 46
302 285
224 256
122 184
25 24
70 86
18 53
39 32
141 163
51 42
62 86
408 313
76 91
42 39
306 259
125 139
299 245
326 269
18 21
28 69
124 161
12 32
108 116
24  7
107 107
135 155
14 10
49 35
360 307
24 13
40 71
21 43
153 216
0  3
11 39
53 77
450 314
71 72
76 91
344 270
0  3
427 314
91 116
264 275
150 195
138 162
364 308
16 33
334 291
21 31
13 26
61 61
79 56
72 97
213 263
56 63
30 58
74 131
120 126
735 319
116 157
275 264
113 102
557 315
8  8
12 20
390 319
76 94
45 45
138 166
36 48
269 276
1  3
41 49
45 46
209 239
100 121
284 279
35 36
232 227
198 219
190 207
64 86
305 303
14 18
114 157
104 123
166 193
191 207
38 43
295 311
439 312
125 185
132 207
100 127
29 24
416 304
141 161
374 306
168 229
81 142
19 33
427 296
359 295
497 307
234 269
74 107
54 42
378 291
387 275
45 41
51 55
71 116
120 132
303 286
179 226
58 52
124 128
340 274
152 188
174 225
239 270
133 175
840 319
123 135
539 319
44 48
1035 319
243 268
26 12
12 29
181 263
230 255
402 302
86 108
123 148
276 240
595 319
71 64
397 306
242 245
26 38
130 136
54 59
458 312
43 32
70 71
466 315
6 28
193 198
157 194
2 29
98 112
302 289
715 318
36 66
92 95
66 64
57 79
278 294
88 117
276 269
40 57
23 34
43 62
311 289
201 240
141 209
37 71
42 39
