574 1
57 1
116 1
47 1
507 1
73 1
74 1
871 1
233 1
51 1
24 0
128 1
297 1
340 1
390 1
586 1
19 0
55 1
388 1
315 1
121 1
198 1
217 1
381 1
14 0
213 1
26 0
236 1
105 1
69 1
376 1
21 0
258 1
512 1
20 0
2 0
228 1
357 1
93 1
38 1
327 1
312 1
47 1
29 0
117 1
58 1
58 1
114 1
167 1
120 1
10 0
925 1
63 1
10 0
77 1
44 1
79 1
268 1
2 0
33 1
46 1
315 1
35 1
17 0
71 1
56 1
211 1
463 1
53 1
60 1
95 1
91 1
114 1
268 1
100 1
34 1
74 1
172 1
370 1
172 1
70 1
213 1
72 1
164 1
363 1
94 1
392 1
328 1
29 0
135 1
18 0
42 1
166 1
310 1
24 0
125 1
91 1
517 1
204 1
6 0
667 1
3 0
12 0
790 1
147 1
106 1
224 1
141 1
147 1
44 1
265 1
105 1
14 0
60 1
32 0
163 1
2 0
103 1
73 1
99 1
102 1
512 1
74 1
197 1
125 1
140 1
108 1
310 1
10 0
44 1
187 1
460 1
90 1
109 1
35 1
216 1
53 1
69 1
309 1
177 1
171 1
51 1
99 1
175 1
77 1
2 0
431 1
59 1
211 1
75 1
285 1
15 0
713 1
290 1
107 1
192 1
180 1
71 1
258 1
274 1
269 1
77 1
55 1
37 1
161 1
117 1
376 1
256 1
81 1
184 1
48 1
364 1
352 1
44 1
365 1
622 1
421 1
156 1
45 1
111 1
302 1
172 1
253 1
77 1
73 1
290 1
155 1
129 1
134 1
61 1
243 1
0 0
177 1
26 0
192 1
53 1
7 0
144 1
34 0
83 1
1 0
142 1
34 1
99 1
37 0
333 1
15 0
147 1
24 0
102 1
171 1
554 1
102 1
12 0
694 1
806 1
132 1
7 0
40 1
80 1
55 1
59 1
374 1
50 1
14 0
178 1
341 1
63 1
395 1
275 1
9 0
136 1
111 1
92 1
183 1
19 0
45 1
74 1
3 0
746 1
167 1
378 1
3 0
226 1
177 1
60 1
61 1
85 1
4 0
4 0
48 1
924 1
180 1
7 0
433 1
133 1
544 1
48 1
95 1
424 1
37 1
269 1
123 1
175 1
19 0
762 1
281 1
337 1
111 1
80 1
158 1
243 1
211 1
53 1
185 1
182 1
469 1
246 1
13 0
396 1
86 1
308 1
92 1
10 0
507 1
37 1
188 1
32 0
321 1
151 1
407 1
212 1
9 0
207 1
151 1
55 1
138 1
138 1
202 1
257 1
97 1
60 1
589 1
134 1
136 1
46 1
249 1
277 1
227 1
1332 1
445 1
33 0
185 1
525 1
149 1
243 1
294 1
81 1
323 1
116 1
23 0
11 0
124 1
262 1
99 1
498 1
9 0
255 1
314 1
206 1
253 1
134 1
30 0
6 0
32 0
0 0
102 1
18 0
116 1
161 1
53 1
489 1
445 1
189 1
795 1
139 1
177 1
36 1
23 0
18 0
332 1
107 1
52 1
4 0
76 1
206 1
164 1
309 1
402 1
17 0
37 1
87 1
153 1
361 1
15 0
27 0
55 1
198 1
292 1
396 1
316 1
275 1
171 1
93 1
45 1
83 1
253 1
257 1
17 0
157 1
68 1
85 1
79 1
75 1
347 1
46 1
24 0
301 1
1 0
2 0
182 1
81 1
30 0
104 1
255 1
161 1
22 0
236 1
158 1
245 1
282 1
29 0
155 1
4 0
18 0
62 1
99 1
231 1
343 1
98 1
39 1
98 1
623 1
13 0
46 1
366 1
229 1
37 0
276 1
140 1
275 1
129 1
689 1
113 1
2 0
98 1
127 1
232 1
17 0
411 1
129 1
269 1
117 1
294 1
131 1
99 1
661 1
179 1
121 1
201 1
216 1
77 1
463 1
266 1
149 1
44 1
72 1
132 1
51 1
191 1
21 0
435 1
110 1
39 1
52 1
101 1
389 1
70 1
300 1
172 1
56 1
36 1
66 1
204 1
282 1
135 1
52 1
18 0
182 1
696 1
7 0
26 0
102 1
45 1
128 1
141 1
65 1
11 0
12 0
109 1
729 1
85 1
56 1
271 1
46 1
25 0
250 1
241 1
279 1
48 1
25 0
22 0
17 0
141 1
84 1
172 1
56 1
497 1
65 1
283 1
15 0
253 1
247 1
329 1
171 1
30 0
625 1
9 0
108 1
227 1
586 1
336 1
65 1
208 1
56 1
127 1
107 1
34 0
141 1
432 1
73 1
209 1
422 1
45 1
115 1
181 1
5 0
38 1
30 0
39 1
18 0
202 1
14 0
17 0
144 1
527 1
384 1
79 1
414 1
863 1
357 1
177 1
99 1
131 1
28 0
308 1
46 1
178 1
220 1
149 1
35 1
1179 1
181 1
272 1
101 1
284 1
44 1
134 1
55 1
164 1
354 1
133 1
361 1
36 1
287 1
359 1
142 1
86 1
425 1
160 1
238 1
8 0
126 1
129 1
242 1
4 0
17 0
72 1
58 1
104 1
28 1
132 1
187 1
90 1
157 1
121 1
447 1
84 1
35 1
17 0
48 1
484 1
661 1
24 0
446 1
69 1
113 1
431 1
30 0
715 1
280 1
216 1
73 1
77 1
235 1
84 1
2 0
354 1
278 1
56 1
19 0
134 1
139 1
174 1
13 0
40 1
182 1
0 0
104 1
485 1
274 1
47 1
25 0
757 1
78 1
515 1
27 0
83 1
45 1
171 1
37 0
133 1
34 1
125 1
134 1
138 1
13 0
53 1
127 1
78 1
133 1
23 0
82 1
61 1
73 1
19 0
363 1
186 1
347 1
2 0
204 1
397 1
119 1
95 1
243 1
123 1
1 0
115 1
32 0
269 1
76 1
135 1
239 1
27 1
10 0
79 1
1 0
244 1
65 1
305 1
144 1
231 1
120 1
97 1
494 1
319 1
129 1
157 1
165 1
17 0
233 1
201 1
338 1
313 1
95 1
10 0
105 1
155 1
57 1
232 1
46 1
185 1
236 1
576 1
20 0
277 1
428 1
160 1
161 1
34 0
494 1
110 1
93 1
5 0
393 1
33 1
514 1
156 1
10 0
337 1
170 1
884 1
2 0
52 1
39 1
149 1
193 1
664 1
188 1
42 1
10 0
37 1
15 0
242 1
293 1
58 1
531 1
66 1
2 0
530 1
61 1
637 1
243 1
196 1
221 1
82 1
286 1
42 1
48 1
173 1
119 1
223 1
286 1
856 1
168 1
1344 1
54 1
150 1
608 1
33 1
26 0
153 1
524 1
23 0
244 1
175 1
471 1
62 1
116 1
177 1
66 1
473 1
56 1
258 1
337 1
8 0
345 1
1177 1
39 1
33 1
11 0
906 1
289 1
240 1
867 1
63 1
342 1
453 1
296 1
481 1
439 1
187 1
1 0
175 1
94 1
12 0
262 1
42 1
104 1
145 1
491 1
478 1
7 0
132 1
462 1
26 0
35 0
248 1
6 0
25 0
5 0
359 1
532 1
43 1
80 1
347 1
364 1
206 1
187 1
166 1
130 1
94 1
72 1
77 1
77 1
319 1
114 1
337 1
232 1
37 1
183 1
388 1
121 1
143 1
140 1
19 0
88 1
497 1
1 0
233 1
337 1
124 1
132 1
158 1
145 1
373 1
0 0
701 1
63 1
348 1
99 1
14 0
30 0
287 1
10 0
92 1
285 1
325 1
58 1
86 1
170 1
485 1
76 1
90 1
132 1
386 1
9 0
440 1
328 1
224 1
351 1
622 1
471 1
194 1
111 1
6 0
9 0
31 0
422 1
51 1
208 1
188 1
54 1
86 1
195 1
176 1
18 0
72 1
164 1
104 1
200 1
41 1
61 1
156 1
115 1
118 1
0 0
188 1
174 1
21 0
143 1
6 0
70 1
318 1
116 1
638 1
112 1
188 1
46 1
122 1
33 0
47 1
202 1
129 1
83 1
121 1
313 1
293 1
23 0
16 0
698 1
197 1
97 1
330 1
349 1
11 0
200 1
14 0
16 0
63 1
71 1
489 1
181 1
167 1
158 1
125 1
216 1
6 0
269 1
248 1
42 1
225 1
308 1
142 1
207 1
375 1
84 1
28 0
26 0
306 1
341 1
137 1
21 0
88 1
260 1
116 1
45 1
88 1
45 1
79 1
103 1
425 1
16 0
299 1
108 1
170 1
1 0
133 1
225 1
340 1
199 1
147 1
1046 1
184 1
68 1
12 0
235 1
80 1
164 1
267 1
59 1
2 0
375 1
86 1
522 1
133 1
89 1
41 0
528 1
43 1
278 1
68 1
19 0
220 1
400 1
189 1
109 1
29 0
499 1
119 1
146 1
86 1
38 1
360 1
32 1
394 1
274 1
403 1
52 1
143 1
401 1
41 0
130 1
53 0
50 0
382 1
32 0
523 1
108 1
13 0
57 1
201 1
170 1
202 1
80 1
162 1
55 1
287 1
621 1
150 1
883 1
35 0
132 1
330 1
138 1
318 1
76 1
625 1
285 1
77 1
833 1
82 1
132 1
629 1
64 1
56 1
215 1
24 0
177 1
221 1
537 1
60 1
397 1
64 0
180 1
44 1
32 0
175 1
99 1
190 1
98 1
44 0
105 1
968 1
442 1
194 1
146 1
131 1
32 0
87 1
49 0
258 1
228 1
1 0
61 1
41 0
5 0
47 0
76 1
433 1
398 1
283 1
114 1
396 1
80 1
96 1
68 1
129 1
28 0
28 0
130 1
194 1
42 1
447 1
346 1
93 1
653 1
1115 1
21 0
242 1
479 1
55 1
142 1
78 1
987 1
32 0
65 1
77 1
44 1
99 1
423 1
347 1
141 1
40 0
38 1
359 1
107 1
112 1
304 1
124 1
96 1
56 0
212 1
170 1
270 1
469 1
29 0
17 0
155 1
147 1
113 1
63 0
135 1
21 0
464 1
4 0
14 0
28 0
279 1
73 1
6 0
237 1
6 0
651 1
13 0
249 1
323 1
258 1
24 0
30 0
29 0
22 0
286 1
47 0
194 1
316 1
809 1
60 0
102 1
164 1
84 1
118 1
178 1
227 1
78 1
101 1
223 1
253 1
51 1
99 1
421 1
131 1
379 1
93 1
112 0
68 0
137 1
59 0
57 1
252 1
76 1
21 0
387 1
18 0
182 1
22 0
107 1
544 1
88 1
46 0
256 1
201 1
228 1
190 1
2 0
344 1
149 1
73 1
96 1
485 1
93 1
279 1
165 1
20 0
158 1
232 1
381 1
153 1
61 0
41 0
446 1
62 1
24 0
44 0
73 0
85 1
155 1
171 1
170 1
16 0
577 1
46 0
66 1
174 1
70 1
93 1
186 1
76 1
844 1
46 1
3 0
238 1
513 1
118 1
561 1
5 0
127 1
193 1
602 1
62 1
283 1
486 1
334 1
105 1
50 1
38 0
131 1
85 0
427 1
5 0
214 1
27 0
30 0
209 1
872 1
348 1
163 1
28 0
19 0
182 1
119 1
226 1
36 0
93 1
913 1
320 1
97 0
10 0
207 1
365 1
64 0
207 1
53 0
70 1
123 1
1 0
128 1
176 1
437 1
129 1
301 1
321 1
187 1
245 1
64 0
11 0
86 1
149 1
81 1
65 1
340 1
78 1
400 1
39 0
27 0
145 1
126 1
135 1
341 1
8 0
176 1
46 0
312 1
101 1
526 1
27 0
477 1
140 1
167 1
149 1
132 1
511 1
32 0
150 1
137 1
373 1
359 1
129 1
88 1
506 1
3 0
42 0
57 1
275 1
54 0
184 1
255 1
460 1
20 0
338 1
156 1
20 0
114 1
35 0
108 1
37 0
168 1
394 1
263 1
109 1
89 1
400 1
445 1
398 1
71 0
99 0
154 1
70 1
578 1
128 1
20 0
69 1
91 1
107 0
85 1
199 1
37 0
214 1
0 0
474 1
6 0
43 0
257 1
210 1
284 1
58 1
97 1
0 0
484 1
54 0
358 1
481 1
223 1
392 1
38 0
16 0
78 1
78 1
314 1
75 0
54 0
622 1
169 1
227 1
141 1
3 0
160 1
111 1
12 0
0 0
608 1
56 1
121 1
98 1
233 1
197 1
160 1
253 1
194 1
49 0
8 0
217 1
310 1
14 0
53 0
207 1
209 1
299 1
18 0
258 1
244 1
84 1
112 1
9 0
26 0
45 0
9 0
85 1
153 1
85 0
115 1
501 1
260 1
49 0
77 0
133 1
72 1
146 1
113 1
37 0
57 0
8 0
286 1
327 1
107 1
7 0
101 1
138 1
326 1
59 1
96 1
41 1
264 1
247 1
211 1
166 1
24 0
285 1
38 0
22 0
93 0
41 0
271 1
262 1
169 1
131 1
41 0
1 0
316 1
140 1
25 0
104 1
26 0
189 1
605 1
154 1
355 1
210 1
191 1
110 1
287 1
52 1
81 0
509 1
388 1
269 1
63 1
161 1
233 1
644 1
42 0
41 0
354 1
40 0
584 1
206 1
207 1
85 1
43 0
129 1
43 0
154 1
329 1
70 1
202 1
159 1
248 1
30 0
8 0
4 0
675 1
173 1
293 1
114 1
276 1
381 1
265 1
31 0
148 1
172 1
190 1
46 0
22 0
12 0
103 1
4 0
181 1
16 0
76 1
3 0
498 1
397 1
137 1
107 1
93 1
201 1
82 1
98 1
79 1
229 1
238 1
22 0
6 0
191 1
188 1
49 0
122 1
53 1
189 1
78 1
208 1
2 0
27 0
251 1
242 1
219 1
62 1
15 0
426 1
31 0
167 1
178 1
224 1
79 1
81 1
316 1
273 1
42 0
135 1
150 1
157 1
139 1
30 0
582 1
111 1
225 1
101 1
389 1
50 0
141 1
24 0
353 1
33 0
118 1
458 1
212 1
107 1
91 1
226 1
166 1
0 0
422 1
130 1
196 1
131 1
274 1
124 1
246 1
222 1
58 1
78 0
84 1
119 1
122 1
230 1
109 1
202 1
226 1
105 1
127 1
184 1
155 1
24 0
233 1
21 0
2 0
235 1
62 1
309 1
26 0
18 0
144 1
80 1
121 1
141 1
343 1
655 1
247 1
527 1
82 1
129 1
80 1
180 1
26 0
135 1
315 1
38 0
122 1
181 1
60 0
108 1
264 1
20 0
11 0
57 0
453 1
47 0
13 0
65 1
53 0
97 1
325 1
104 1
640 1
26 0
419 1
565 1
505 1
228 1
5 0
481 1
48 0
245 1
869 1
92 0
177 1
84 1
134 1
147 1
52 1
198 1
87 1
171 1
233 1
171 1
11 0
52 1
56 1
32 0
10 0
104 1
90 1
54 0
2 0
47 0
66 1
258 1
56 1
272 1
5 0
192 1
298 1
414 1
54 1
21 0
243 1
36 0
130 1
439 1
927 1
329 1
303 1
169 1
115 1
34 0
71 1
270 1
227 1
197 1
409 1
80 1
533 1
190 1
19 0
460 1
111 1
172 1
38 0
713 1
71 1
33 0
31 0
44 1
455 1
220 1
363 1
20 0
431 1
466 1
199 1
532 1
79 0
12 0
234 1
178 1
5 0
0 0
62 0
146 1
229 1
176 1
213 1
104 1
101 1
197 1
145 1
562 1
92 1
261 1
99 1
11 0
85 1
442 1
30 0
103 0
38 0
538 1
9 0
88 1
334 1
150 1
11 0
25 0
458 1
197 1
803 1
19 0
256 1
144 1
29 0
183 1
116 1
35 0
12 0
1172 1
448 1
67 1
545 1
18 0
108 1
287 1
515 1
137 1
464 1
40 0
39 0
267 1
606 1
111 1
57 0
172 1
163 1
148 1
30 0
141 1
48 0
485 1
312 1
118 1
0 0
6 0
60 1
117 1
299 1
60 1
335 1
477 1
82 1
34 0
45 0
400 1
419 1
75 1
143 1
229 1
130 1
1 0
163 1
66 0
479 1
36 0
5 0
134 1
72 1
212 1
73 1
52 0
622 1
235 1
38 0
163 1
464 1
0 0
139 1
994 1
25 0
70 1
460 1
6 0
64 1
546 1
29 0
331 1
57 1
100 1
1 0
61 0
181 1
77 1
760 1
169 1
605 1
148 1
3 0
110 1
142 1
750 1
21 0
46 0
158 1
329 1
68 1
435 1
121 1
212 1
153 1
55 1
294 1
204 1
6 0
771 1
107 1
16 0
26 0
196 1
376 1
37 0
152 1
189 1
16 0
106 1
113 1
95 1
78 1
44 0
12 0
128 1
63 1
20 0
124 1
236 1
68 0
80 1
70 0
18 0
80 0
478 1
74 1
202 1
35 0
242 1
310 1
171 1
100 1
6 0
188 1
277 1
82 0
288 1
19 0
93 1
29 0
132 1
51 1
107 0
37 0
143 1
114 1
12 0
114 1
257 1
192 1
100 1
1 0
38 1
55 1
14 0
358 1
218 1
410 1
70 0
474 1
33 0
140 1
209 1
582 1
168 1
62 0
573 1
103 1
37 0
762 1
431 1
74 0
82 1
60 0
176 1
97 1
318 1
40 0
107 1
321 1
483 1
190 1
355 1
63 1
83 1
181 1
172 1
643 1
161 1
81 1
12 0
238 1
136 1
168 1
17 0
375 1
163 1
88 1
547 1
144 1
58 1
423 1
319 1
184 1
297 1
392 1
101 1
41 0
111 1
743 1
15 0
136 1
75 1
247 1
151 1
216 1
57 1
65 1
38 0
53 0
2 0
387 1
43 1
76 1
245 1
181 1
207 1
468 1
521 1
282 1
33 0
520 1
368 1
2 0
222 1
231 1
125 1
151 1
137 1
189 1
35 0
49 0
36 0
9 0
148 1
74 1
67 1
74 0
122 1
151 1
4 0
102 0
70 0
0 0
40 0
156 1
28 0
184 1
62 0
306 1
146 0
7 0
190 1
70 0
124 1
59 0
72 0
546 1
208 1
248 1
80 0
39 0
41 0
18 0
22 0
61 0
76 1
20 0
25 0
75 0
200 1
365 1
255 1
1225 1
60 0
76 0
315 1
454 1
23 0
47 0
351 1
69 0
676 1
138 1
59 0
154 1
24 0
288 1
165 1
39 0
458 1
114 0
242 1
118 1
169 1
155 1
28 0
19 0
50 0
31 0
2 0
8 0
1160 1
553 1
209 1
184 1
173 1
415 1
18 0
24 0
54 0
483 1
52 0
4 0
21 0
155 1
171 1
103 1
74 0
3 0
55 0
127 1
238 1
406 1
78 0
420 1
87 0
17 0
6 0
324 1
276 1
431 1
217 1
49 0
62 0
156 1
95 0
309 1
32 0
143 1
105 0
86 0
456 1
414 1
7 0
459 1
305 1
150 1
433 1
337 1
87 0
176 1
343 1
157 1
380 1
30 0
343 1
353 1
63 0
214 1
74 0
74 0
116 1
40 0
70 0
199 1
374 1
58 0
84 0
80 0
263 1
262 1
146 1
75 0
245 1
35 0
66 0
69 0
78 0
414 1
8 0
25 0
246 1
100 0
44 0
106 0
91 0
155 1
620 1
363 1
107 1
494 1
152 0
169 1
242 1
169 1
260 1
216 1
40 0
76 0
31 0
62 0
110 0
197 1
118 1
118 1
404 1
276 1
38 0
320 1
367 1
102 0
35 0
65 0
131 1
373 1
1 0
130 1
173 0
487 1
51 0
174 1
317 1
7 0
142 1
65 0
660 1
5 0
30 0
52 0
101 0
49 0
40 0
212 1
4 0
185 1
59 0
711 1
85 0
247 1
15 0
9 0
25 0
263 1
43 0
415 1
70 0
0 0
89 0
240 1
220 1
223 1
242 1
128 1
48 0
389 1
10 0
108 1
476 1
62 0
42 0
262 1
83 0
196 1
384 1
192 1
290 1
135 1
252 1
148 1
111 0
270 1
1 0
70 0
357 1
322 1
46 0
272 1
92 0
190 1
180 1
291 1
52 0
225 1
285 1
210 1
290 1
277 1
244 1
302 1
40 0
41 0
20 0
541 1
236 1
1165 1
59 0
136 1
164 1
119 1
61 0
20 0
108 0
28 0
19 0
16 0
147 1
95 0
148 1
73 0
639 1
133 1
148 0
110 1
24 0
135 1
25 0
28 0
26 0
207 1
30 0
56 0
427 1
64 0
93 0
7 0
219 1
378 1
21 0
127 0
203 1
427 1
38 0
55 0
37 0
57 0
823 1
242 1
123 1
55 0
41 0
84 0
14 0
246 1
60 0
36 0
342 1
82 0
304 1
455 1
118 0
30 0
46 0
182 1
152 1
292 1
249 1
887 1
227 1
81 0
141 1
31 0
260 1
55 0
367 1
48 0
6 0
342 1
229 1
348 1
158 1
62 0
271 1
0 0
141 1
31 0
90 0
101 0
20 0
42 0
439 1
172 1
356 1
68 0
45 0
271 1
20 0
135 1
9 0
211 1
408 1
1 0
35 0
66 0
4 0
225 1
13 0
56 0
66 0
120 0
127 1
396 1
102 0
3 0
110 0
470 1
210 1
49 0
5 0
130 1
98 0
3 0
62 0
148 1
392 1
10 0
135 1
677 1
91 0
89 1
26 0
97 0
39 0
274 1
18 0
42 0
8 0
126 1
113 0
100 1
97 0
141 1
148 1
141 1
338 1
174 1
12 0
116 1
283 1
222 1
9 0
46 0
389 1
474 1
455 1
358 1
12 0
293 1
336 1
86 0
5 0
22 0
494 1
9 0
141 1
308 1
115 0
296 1
134 1
22 0
143 1
140 1
575 1
275 1
15 0
22 0
102 0
72 0
114 1
24 0
46 0
97 0
567 1
769 1
25 0
99 1
428 1
381 1
171 1
116 1
45 0
55 0
222 1
196 1
444 1
4 0
32 0
23 0
367 1
251 1
58 0
473 1
119 1
40 0
211 1
109 1
260 1
22 0
174 1
170 1
62 0
1 0
427 1
256 1
22 0
95 0
137 1
21 0
26 0
20 0
249 1
142 1
326 1
87 1
109 1
274 1
256 1
445 1
115 1
67 0
358 1
81 0
44 0
102 0
39 0
214 1
1 0
68 0
203 1
799 1
62 0
542 1
24 0
39 0
79 0
63 0
13 0
212 1
303 1
8 0
28 0
59 0
75 0
68 0
72 0
89 0
400 1
248 1
347 1
10 0
115 1
296 1
20 0
61 0
170 1
402 1
46 0
97 0
122 1
11 0
168 1
146 1
200 1
47 0
230 1
202 1
44 0
191 1
14 0
215 1
39 0
179 1
225 1
29 0
67 0
643 1
1 0
327 1
126 1
319 1
129 0
31 0
11 0
138 0
274 1
369 1
9 0
53 0
161 1
70 0
77 0
100 0
282 1
533 1
32 0
115 0
144 1
65 0
139 1
86 0
1074 1
117 1
16 0
396 1
82 0
282 1
47 0
143 1
4 0
110 0
568 1
38 0
336 1
20 0
307 1
233 1
37 0
46 0
13 0
653 1
241 1
96 1
582 1
140 1
130 1
630 1
36 0
40 0
145 1
95 0
253 1
106 0
237 1
322 1
240 1
224 1
145 1
198 1
36 0
90 0
703 1
189 1
902 1
51 0
52 0
201 1
270 1
185 1
350 1
355 1
18 0
123 0
137 0
21 0
211 1
458 1
172 1
195 1
30 0
79 0
118 1
2 0
156 1
25 0
152 1
182 1
110 0
253 1
39 0
257 1
28 0
233 1
30 0
37 0
7 0
159 1
724 1
227 1
165 1
166 1
146 1
96 0
30 0
691 1
676 1
33 0
98 1
8 0
549 1
340 1
123 1
65 0
36 0
3 0
269 1
96 1
151 1
32 0
154 1
14 0
9 0
63 0
56 0
269 1
95 0
21 0
252 1
185 1
12 0
209 1
34 0
177 1
47 0
51 0
284 1
202 1
290 1
76 0
247 1
55 0
72 0
215 1
19 0
212 1
74 0
638 1
148 1
406 1
105 0
33 0
81 0
305 1
193 1
73 0
425 1
25 0
18 0
87 0
651 1
773 1
68 0
128 1
31 0
8 0
621 1
206 1
216 1
124 1
171 0
17 0
47 0
93 0
387 1
55 0
94 1
126 0
305 1
88 0
164 1
39 0
112 0
108 0
92 0
16 0
537 1
516 1
78 0
275 1
157 1
125 1
183 1
137 0
255 1
313 1
37 0
163 1
27 0
332 1
140 1
195 1
101 0
12 0
897 1
218 1
63 0
391 1
299 1
418 1
155 1
195 1
73 0
84 0
32 0
508 1
47 0
226 1
112 1
351 1
452 1
7 0
153 1
162 1
22 0
137 0
102 1
11 0
430 1
74 0
21 0
94 0
39 0
148 1
173 1
11 0
788 1
219 1
12 0
166 1
148 0
501 1
151 1
146 1
61 0
58 0
316 1
244 1
65 0
184 1
267 1
299 1
244 1
11 0
110 0
1223 1
339 1
40 0
383 1
172 1
137 0
264 1
60 0
498 1
70 0
326 1
27 0
177 1
139 1
226 1
651 1
685 1
353 1
46 0
190 1
168 1
494 1
126 0
24 0
118 1
105 1
30 0
10 0
8 0
110 0
70 0
45 0
403 1
105 0
21 0
220 1
227 1
53 0
83 0
18 0
393 1
230 1
25 0
215 1
37 0
620 1
10 0
123 1
24 0
7 0
374 1
80 0
8 0
39 0
641 1
226 1
475 1
82 0
2 0
412 1
340 1
152 1
240 1
355 1
79 0
87 0
923 1
167 1
309 1
188 1
382 1
98 0
117 0
14 0
381 1
375 1
12 0
353 1
69 0
85 1
87 0
13 0
80 0
84 0
115 0
99 0
17 0
296 1
362 1
240 1
26 0
86 0
340 1
159 1
113 1
19 0
307 1
175 1
30 0
287 1
182 1
1566 1
19 0
107 0
73 0
97 1
15 0
141 1
108 0
23 0
358 1
22 0
548 1
73 0
212 1
117 1
606 1
153 1
49 0
12 0
615 1
53 0
216 1
132 1
139 1
71 0
196 1
90 0
2 0
306 1
145 1
78 0
340 1
339 1
25 0
9 0
255 1
256 1
144 0
20 0
804 1
47 0
111 0
145 0
13 0
91 1
114 1
777 1
203 1
177 1
218 1
144 1
102 1
112 0
23 0
639 1
295 1
237 1
55 0
105 1
31 0
57 0
125 0
130 1
158 1
239 1
74 0
304 1
1 0
58 0
197 1
186 1
33 0
24 0
46 0
300 1
89 0
39 0
279 1
340 1
473 1
19 0
13 0
25 0
741 1
125 1
198 1
46 0
4 0
415 1
33 0
125 0
201 1
9 0
85 0
175 1
169 0
50 0
43 0
374 1
186 1
173 1
86 0
354 1
65 0
250 0
8 0
233 0
347 1
162 0
60 0
33 0
271 1
73 0
214 0
46 0
278 1
95 0
45 0
149 0
11 0
173 0
45 0
213 0
83 0
18 0
47 0
180 0
24 0
40 0
28 0
183 1
332 1
125 0
45 0
456 1
332 1
156 0
39 0
65 0
13 0
195 1
7 0
40 0
163 0
406 1
360 1
543 1
36 0
286 1
90 0
139 0
272 1
9 0
376 1
71 0
30 0
51 0
0 0
62 0
111 0
249 1
36 0
177 1
24 0
104 0
360 1
159 0
583 1
570 1
590 1
49 0
568 1
408 1
1 0
94 0
56 0
477 1
13 0
112 0
546 1
21 0
135 0
154 0
69 0
69 0
228 1
21 0
27 0
97 0
65 0
188 1
48 0
89 0
23 0
48 0
127 0
190 0
338 1
161 0
411 1
271 0
350 1
164 0
3 0
137 0
591 1
530 1
83 0
297 1
172 0
675 1
288 1
574 1
70 0
149 0
194 0
109 0
188 0
188 1
86 0
231 0
111 0
139 0
353 1
9 0
197 1
152 0
57 0
80 0
30 0
164 0
65 0
73 0
93 0
300 1
205 1
256 1
145 0
592 1
28 0
53 0
464 1
32 0
69 0
495 1
91 0
5 0
321 1
64 0
95 0
19 0
288 1
104 0
46 0
45 0
104 0
145 0
64 0
56 0
196 0
55 0
19 0
19 0
203 0
85 0
132 0
20 0
13 0
164 1
158 0
35 0
6 0
62 0
108 0
152 0
38 0
254 1
279 1
160 0
2 0
260 1
737 1
272 1
124 0
335 0
42 0
94 0
209 1
198 1
80 0
90 0
257 1
104 0
272 1
371 1
18 0
847 1
191 0
135 0
26 0
191 1
75 0
35 0
203 0
182 0
210 1
94 0
544 1
184 1
194 0
332 1
98 0
17 0
18 0
19 0
35 0
39 0
465 1
21 0
74 0
6 0
132 0
26 0
151 0
748 1
63 0
177 0
220 1
538 1
111 0
1256 1
8 0
202 1
126 0
56 0
202 1
228 1
14 0
52 0
168 0
52 0
75 0
167 0
21 0
17 0
46 0
178 0
136 0
150 0
126 0
124 0
10 0
143 0
175 0
288 1
0 0
514 1
75 0
26 0
149 0
116 0
32 0
223 0
134 0
124 0
39 0
156 0
258 1
57 0
143 0
60 0
381 1
40 0
135 0
24 0
32 0
87 0
0 0
66 0
101 0
47 0
94 0
132 0
110 0
44 0
81 0
16 0
7 0
229 1
82 0
138 0
32 0
24 0
30 0
37 0
163 0
196 0
136 0
2 0
29 0
103 0
148 0
8 0
86 0
487 1
109 0
136 0
117 0
541 1
49 0
124 0
0 0
42 0
43 0
44 0
98 0
151 0
306 0
25 0
15 0
31 0
57 0
38 0
183 1
839 1
185 0
79 0
17 0
222 0
13 0
98 0
535 1
172 0
374 1
50 0
28 0
253 1
20 0
131 0
87 0
186 1
27 0
261 1
272 1
118 0
5 0
31 0
40 0
970 1
56 0
139 0
249 1
2 0
9 0
114 0
222 0
64 0
84 0
288 1
41 0
419 1
103 0
0 0
7 0
354 1
11 0
88 0
87 0
213 0
253 1
64 0
134 0
13 0
48 0
11 0
26 0
184 0
241 0
38 0
23 0
23 0
87 0
42 0
193 0
401 1
104 0
65 0
84 0
87 0
57 0
6 0
34 0
46 0
82 0
358 1
208 0
278 1
136 0
243 0
10 0
13 0
168 0
236 1
73 0
175 0
387 1
95 0
176 1
442 1
210 0
88 0
215 1
109 0
576 1
151 0
204 0
139 0
69 0
221 1
58 0
337 1
335 1
174 0
73 0
86 0
31 0
77 0
14 0
240 1
24 0
380 1
204 0
35 0
232 1
7 0
229 1
119 0
250 1
332 1
50 0
397 1
344 1
145 0
43 0
225 1
302 1
125 0
10 0
139 0
21 0
222 1
91 0
421 1
653 1
195 1
19 0
344 1
236 1
17 0
31 0
156 0
188 0
100 0
11 0
256 1
93 0
159 0
148 0
302 0
216 1
156 0
111 0
373 1
68 0
260 1
43 0
76 0
65 0
701 1
11 0
229 0
47 0
230 0
80 0
11 0
74 0
555 1
105 0
463 1
19 0
389 1
363 1
35 0
70 0
71 0
147 0
300 1
221 0
4 0
258 0
89 0
559 1
990 1
524 1
79 0
330 1
55 0
911 1
200 0
300 1
84 0
51 0
51 0
195 1
315 1
346 1
327 1
4 0
91 0
335 1
51 0
179 1
106 0
126 0
130 0
583 1
21 0
184 0
35 0
52 0
43 0
373 1
279 1
386 1
207 0
252 1
64 0
195 1
372 1
314 1
18 0
273 1
13 0
94 0
228 0
41 0
26 0
823 1
489 1
22 0
146 0
8 0
83 0
123 0
569 1
10 0
162 0
106 0
145 0
31 0
4 0
574 1
159 0
26 0
17 0
121 0
17 0
66 0
17 0
417 1
254 1
139 0
209 1
356 1
304 1
249 1
43 0
38 0
217 0
243 1
277 1
60 0
122 0
31 0
1093 1
491 1
0 0
51 0
92 0
75 0
217 1
142 0
116 0
333 1
79 0
741 1
252 1
172 0
29 0
58 0
61 0
79 0
312 1
37 0
10 0
101 0
36 0
622 1
74 0
77 0
150 1
181 0
210 1
86 0
256 1
112 0
176 0
174 0
1 0
440 1
284 0
490 1
66 0
153 0
191 0
116 0
124 0
408 1
471 1
689 1
135 0
47 0
179 1
2 0
568 1
269 1
96 0
70 0
119 0
13 0
15 0
621 1
69 0
137 0
484 1
77 0
34 0
178 0
506 1
204 1
149 0
60 0
274 1
17 0
4 0
11 0
391 1
123 0
132 0
677 1
56 0
335 1
59 0
138 0
5 0
90 0
134 0
464 1
155 0
81 0
799 1
157 1
17 0
392 1
149 0
180 1
15 0
336 1
123 0
152 0
248 1
102 0
41 0
769 1
634 1
40 0
15 0
261 1
20 0
417 1
90 0
52 0
423 1
11 0
425 1
63 0
149 0
133 0
201 1
255 1
162 0
349 1
37 0
91 0
170 1
94 0
40 0
302 1
74 0
123 0
467 1
58 0
210 0
184 0
50 0
1010 1
243 1
87 0
48 0
189 0
32 0
113 0
71 0
215 1
10 0
8 0
50 0
308 1
68 0
55 0
18 0
77 0
123 0
137 0
5 0
3 0
86 0
260 0
105 0
27 0
387 1
18 0
282 1
68 0
447 1
2 0
177 0
50 0
80 0
201 0
2 0
155 0
9 0
176 0
15 0
42 0
75 0
35 0
104 0
248 1
6 0
228 1
91 0
111 0
67 0
55 0
497 1
119 0
108 0
1 0
39 0
23 0
53 0
123 0
116 0
202 1
515 1
52 0
533 1
63 0
487 1
99 0
4 0
15 0
29 0
100 0
246 1
67 0
476 1
71 0
387 1
128 0
89 0
342 1
90 0
1 0
189 1
11 0
174 0
127 0
16 0
159 0
467 1
426 1
62 0
115 0
593 1
27 0
69 0
104 0
18 0
31 0
30 0
110 0
277 0
232 1
256 0
167 0
40 0
166 1
146 0
304 1
1 0
407 1
56 0
91 0
199 1
109 0
90 0
178 0
67 0
139 0
18 0
418 1
60 0
361 1
203 0
204 1
261 1
101 0
181 1
313 1
651 1
129 0
107 0
338 1
54 0
366 1
60 0
377 1
25 0
302 1
175 0
417 1
130 0
24 0
53 0
42 0
41 0
268 1
293 1
84 0
251 1
40 0
101 0
70 0
74 0
56 0
38 0
67 0
23 0
78 0
176 0
128 0
147 0
143 0
296 1
133 0
299 1
97 0
393 1
184 1
120 0
362 1
24 0
1273 1
115 0
89 0
72 0
439 1
497 1
103 0
25 0
212 0
148 0
338 1
81 0
208 0
160 0
186 0
382 1
526 1
64 0
79 0
67 0
112 0
49 0
125 0
55 0
73 0
35 0
98 0
150 0
12 0
124 0
679 1
31 0
208 0
131 0
95 0
524 1
235 0
37 0
288 1
104 0
327 1
453 1
684 1
165 0
114 0
306 1
126 0
125 0
326 1
71 0
196 0
149 0
313 1
345 1
139 0
316 1
137 0
451 1
37 0
255 0
62 0
22 0
57 0
43 0
77 0
31 0
361 1
88 0
13 0
481 1
311 1
52 0
232 0
244 1
29 0
387 1
15 0
64 0
113 0
3 0
34 0
138 0
89 0
17 0
232 1
113 0
71 0
138 0
136 0
53 0
132 0
360 1
41 0
278 1
41 0
12 0
225 1
89 0
2 0
381 1
87 0
80 0
422 1
107 0
366 1
690 1
60 0
197 1
95 0
158 0
32 0
189 0
89 0
470 1
9 0
237 1
504 1
53 0
492 1
435 1
185 0
136 0
272 0
86 0
200 0
190 0
28 0
201 0
302 0
17 0
55 0
187 0
2 0
281 0
18 0
522 1
688 1
139 0
270 0
581 1
414 1
167 0
217 0
9 0
115 0
56 0
94 0
616 1
187 0
186 0
188 0
54 0
189 0
587 1
161 0
67 0
144 0
329 1
1 0
75 0
42 0
356 1
8 0
152 0
31 0
254 0
2 0
190 0
90 0
137 0
129 0
86 0
267 1
6 0
128 0
12 0
20 0
369 0
763 1
13 0
14 0
129 0
421 0
99 0
101 0
7 0
0 0
184 0
160 0
81 0
247 0
2 0
46 0
534 1
19 0
318 0
1 0
38 0
63 0
33 0
440 0
538 1
179 0
90 0
27 0
395 0
327 0
33 0
134 0
202 0
167 0
26 0
96 0
154 0
0 0
234 0
89 0
135 0
58 0
54 0
21 0
391 1
192 0
58 0
3 0
2 0
54 0
193 0
23 0
7 0
322 0
77 0
66 0
40 0
66 0
212 0
141 0
345 1
28 0
249 0
190 0
146 0
363 1
503 1
40 0
81 0
237 0
24 0
177 0
327 1
290 0
61 0
10 0
39 0
411 1
487 1
121 0
435 0
16 0
34 0
145 0
334 1
72 0
300 1
417 1
408 1
178 0
78 0
160 0
38 0
418 1
233 0
30 0
69 0
526 1
412 0
426 1
330 0
102 0
51 0
78 0
49 0
10 0
55 0
189 0
78 0
307 0
25 0
156 0
31 0
134 0
333 0
15 0
220 0
238 0
74 0
327 0
449 1
459 1
63 0
240 0
25 0
52 0
133 0
215 0
153 0
142 0
87 0
123 0
24 0
132 0
81 0
52 0
18 0
82 0
0 0
409 1
48 0
43 0
60 0
49 0
139 0
138 0
48 0
59 0
162 0
135 0
294 0
195 0
177 0
192 0
169 0
1 0
53 0
35 0
225 0
11 0
102 0
11 0
414 1
357 0
651 1
94 0
167 0
62 0
49 0
785 1
197 0
33 0
86 0
23 0
73 0
20 0
4 0
214 0
58 0
71 0
265 0
202 0
156 0
170 0
176 0
61 0
77 0
81 0
175 0
191 0
122 0
10 0
118 0
200 0
207 0
65 0
57 0
87 0
105 0
12 0
315 0
946 1
105 0
25 0
243 0
24 0
19 0
300 0
111 0
50 0
149 0
133 0
188 0
188 0
685 1
21 0
816 1
116 0
32 0
3 0
207 0
237 0
34 0
38 0
369 1
79 0
151 0
9 0
104 0
47 0
41 0
309 1
33 0
93 0
122 0
330 0
526 1
22 0
25 0
220 0
302 0
215 0
154 0
154 0
181 0
26 0
299 0
223 0
31 0
270 0
240 0
417 1
37 0
191 0
364 0
7 0
6 0
34 0
85 0
293 0
34 0
63 0
361 1
22 0
73 0
166 0
342 1
51 0
51 0
90 0
133 0
32 0
497 1
131 0
157 0
94 0
62 0
76 0
37 0
25 0
103 0
112 0
244 0
198 0
223 0
331 1
34 0
7 0
54 0
99 0
76 0
411 0
49 0
671 1
68 0
108 0
85 0
303 0
257 0
613 1
0 0
373 1
76 0
208 0
37 0
563 1
302 1
27 0
70 0
211 0
86 0
378 0
61 0
559 1
76 0
126 0
30 0
395 1
16 0
79 0
5 0
64 0
11 0
66 0
186 0
180 0
169 0
21 0
20 0
358 0
135 0
125 0
137 0
259 0
207 0
3 0
216 0
162 0
98 0
356 0
258 0
497 1
19 0
366 1
273 0
56 0
163 0
48 0
21 0
222 0
121 0
203 0
177 0
244 0
508 1
60 0
19 0
129 0
50 0
330 1
42 0
191 0
155 0
167 0
81 0
51 0
25 0
102 0
289 0
31 0
291 0
629 1
83 0
89 0
242 0
218 0
73 0
86 0
95 0
220 0
101 0
255 0
52 0
7 0
187 0
72 0
14 0
250 0
79 0
20 0
165 0
220 0
364 0
4 0
64 0
102 0
116 0
139 0
324 0
11 0
75 0
107 0
71 0
277 0
5 0
120 0
28 0
301 1
91 0
214 0
25 0
320 0
1059 1
465 1
81 0
343 0
4 0
18 0
262 0
167 0
0 0
218 0
297 0
227 0
99 0
66 0
40 0
79 0
90 0
579 1
3 0
534 1
13 0
203 0
11 0
45 0
55 0
95 0
360 0
177 0
164 0
123 0
353 0
75 0
112 0
13 0
47 0
223 0
6 0
14 0
327 1
421 1
375 1
180 0
101 0
300 0
44 0
121 0
76 0
49 0
153 0
209 0
66 0
624 1
431 0
43 0
348 0
302 0
15 0
7 0
25 0
123 0
1 0
136 0
234 0
7 0
244 0
127 0
172 0
114 0
16 0
600 1
438 0
422 0
12 0
252 0
142 0
23 0
12 0
153 0
356 1
381 1
44 0
130 0
506 0
149 0
15 0
120 0
334 0
54 0
170 0
15 0
62 0
263 0
55 0
91 0
256 0
85 0
168 0
57 0
61 0
21 0
3 0
262 0
33 0
49 0
384 1
103 0
139 0
3 0
81 0
43 0
30 0
308 1
272 0
93 0
160 0
1012 1
33 0
66 0
1089 1
497 1
1055 1
64 0
411 1
289 1
376 0
108 0
428 0
284 0
111 0
30 0
178 0
279 1
183 0
780 1
230 0
616 1
131 0
457 1
170 0
197 0
64 0
418 0
190 0
47 0
12 0
141 0
729 1
637 1
525 1
135 0
33 0
314 0
155 0
99 0
178 0
77 0
81 0
41 0
227 0
294 1
116 0
27 0
6 0
269 0
214 0
28 0
563 1
243 0
67 0
19 0
81 0
63 0
13 0
45 0
556 1
25 0
25 0
8 0
56 0
60 0
210 0
88 0
197 0
538 1
203 0
177 0
254 0
611 1
122 0
485 1
449 1
362 0
85 0
166 0
234 0
223 0
72 0
166 0
254 0
25 0
91 0
101 0
137 0
80 0
138 0
95 0
508 1
121 0
15 0
66 0
675 1
568 1
126 0
317 0
628 1
155 0
54 0
140 0
386 0
49 0
254 0
55 0
545 1
406 0
273 1
419 0
201 0
154 0
244 0
246 0
338 0
8 0
371 0
334 0
481 1
154 0
245 0
187 0
16 0
126 0
218 0
151 0
70 0
319 1
42 0
1251 1
175 0
160 0
267 0
31 0
48 0
110 0
100 0
60 0
90 0
29 0
42 0
224 0
211 0
638 1
23 0
2 0
68 0
92 0
208 0
71 0
81 0
262 0
38 0
76 0
219 0
88 0
5 0
65 0
164 0
230 0
79 0
223 0
231 0
49 0
99 0
6 0
292 0
349 1
299 0
1 0
54 0
329 0
625 1
131 0
107 0
211 0
11 0
638 1
330 1
51 0
210 0
231 0
23 0
685 1
62 0
100 0
136 0
262 0
15 0
282 0
23 0
257 0
272 0
133 0
445 1
149 0
448 0
598 1
333 0
218 0
85 0
247 0
79 0
42 0
686 1
462 0
139 0
8 0
2 0
85 0
69 0
32 0
150 0
52 0
223 0
549 1
34 0
190 0
173 0
436 1
12 0
271 0
223 0
52 0
127 0
80 0
73 0
126 0
216 0
61 0
17 0
859 1
259 0
66 0
129 0
52 0
33 0
221 0
420 0
103 0
188 0
17 0
181 0
27 0
566 1
219 0
38 0
49 0
38 0
47 0
181 0
217 0
112 0
60 0
179 0
34 0
238 0
80 0
150 0
143 0
80 0
236 0
125 0
68 0
612 1
379 0
79 0
8 0
198 0
32 0
184 0
70 0
121 0
298 0
448 1
261 0
42 0
318 0
369 0
21 0
260 0
248 0
11 0
106 0
34 0
95 0
113 0
19 0
560 1
49 0
41 0
266 0
61 0
58 0
271 0
250 0
40 0
73 0
518 0
72 0
239 0
118 0
153 0
52 0
134 0
21 0
41 0
230 0
593 1
103 0
206 0
24 0
94 0
4 0
183 0
34 0
251 0
234 0
96 0
41 0
202 0
37 0
56 0
494 1
136 0
296 1
39 0
26 0
67 0
484 1
189 0
302 0
295 0
45 0
136 0
21 0
70 0
15 0
440 1
107 0
154 0
129 0
5 0
44 0
165 0
179 0
14 0
315 0
38 0
67 0
228 0
23 0
18 0
224 0
30 0
39 0
59 0
64 0
232 0
333 0
111 0
329 1
182 0
0 0
331 0
245 0
587 1
33 0
1030 1
313 1
139 0
146 0
14 0
330 1
91 0
16 0
30 0
142 0
798 1
103 0
145 0
329 1
40 0
102 0
565 1
197 0
33 0
197 0
347 1
2 0
76 0
182 0
211 0
111 0
84 0
56 0
20 0
287 0
182 0
12 0
105 0
10 0
3 0
173 0
106 0
282 0
182 0
36 0
72 0
49 0
50 0
110 0
160 0
46 0
201 0
51 0
24 0
51 0
16 0
291 0
103 0
56 0
335 0
66 0
22 0
513 1
576 1
20 0
37 0
167 0
311 0
232 0
476 0
272 0
68 0
176 0
30 0
204 0
167 0
1 0
53 0
346 0
135 0
441 0
6 0
307 0
275 0
39 0
3 0
219 0
17 0
59 0
1 0
84 0
328 0
74 0
542 1
28 0
14 0
35 0
562 1
98 0
349 0
47 0
10 0
335 0
604 1
457 0
189 0
273 0
1634 1
78 0
56 0
428 0
106 0
100 0
1186 1
27 0
52 0
13 0
119 0
205 0
3 0
63 0
166 0
106 0
44 0
296 0
72 0
270 0
89 0
155 0
110 0
87 0
357 0
37 0
103 0
111 0
294 0
180 0
75 0
74 0
217 0
381 0
75 0
141 0
32 0
246 0
49 0
65 0
68 0
1 0
81 0
185 0
26 0
89 0
292 0
275 0
276 0
222 0
111 0
29 0
59 0
367 0
175 0
69 0
14 0
66 0
29 0
513 0
354 0
154 0
455 0
63 0
220 0
114 0
90 0
116 0
22 0
130 0
8 0
393 0
275 0
213 0
48 0
106 0
10 0
15 0
38 0
179 0
317 0
4 0
119 0
46 0
116 0
190 0
105 0
24 0
96 0
206 0
269 0
63 0
20 0
971 1
14 0
6 0
48 0
340 0
39 0
5 0
313 0
70 0
483 0
112 0
56 0
199 0
86 0
261 0
109 0
327 0
366 0
46 0
136 0
61 0
208 0
21 0
314 0
4 0
174 0
105 0
32 0
136 0
596 1
226 0
45 0
165 0
4 0
270 0
668 1
177 0
12 0
4 0
32 0
109 0
131 0
80 0
315 0
377 0
2 0
238 0
5 0
64 0
36 0
211 0
65 0
152 0
213 0
323 0
99 0
506 0
294 0
47 0
2 0
84 0
16 0
233 0
285 0
325 0
168 0
285 0
52 0
261 0
128 0
372 0
2 0
203 0
107 0
147 0
69 0
35 0
142 0
25 0
71 0
386 0
232 0
12 0
127 0
27 0
106 0
320 0
116 0
11 0
90 0
21 0
81 0
630 0
29 0
124 0
31 0
38 0
48 0
20 0
377 0
23 0
73 0
43 0
130 0
7 0
19 0
7 0
24 0
215 0
378 0
24 0
194 0
278 0
98 0
4 0
75 0
36 0
21 0
4 0
4 0
60 0
64 0
75 0
80 0
115 0
105 0
188 0
209 0
102 0
260 0
235 0
125 0
338 0
48 0
90 0
94 0
211 0
308 0
32 0
29 0
76 0
237 0
223 0
60 0
9 0
160 0
355 0
61 0
349 0
77 0
92 0
50 0
248 0
298 0
309 0
381 0
253 0
365 0
228 0
680 1
1116 1
136 0
49 0
385 0
8 0
212 0
112 0
230 0
210 0
294 0
273 0
313 0
11 0
61 0
105 0
9 0
31 0
449 1
22 0
128 0
184 0
133 0
202 0
3 0
43 0
143 0
17 0
133 0
85 0
312 0
282 0
50 0
48 0
90 0
155 0
3 0
347 0
312 0
79 0
199 0
333 0
6 0
424 0
195 0
307 0
62 0
165 0
121 0
172 0
237 0
18 0
182 0
356 0
38 0
42 0
23 0
447 0
425 0
133 0
107 0
359 0
206 0
507 0
59 0
31 0
11 0
3 0
186 0
48 0
150 0
339 0
33 0
147 0
21 0
270 0
66 0
104 0
126 0
501 0
149 0
145 0
123 0
88 0
28 0
73 0
42 0
215 0
131 0
260 0
136 0
49 0
112 0
52 0
65 0
80 0
35 0
94 0
1559 1
208 0
232 0
415 0
34 0
50 0
131 0
158 0
108 0
102 0
104 0
154 0
37 0
18 0
49 0
45 0
29 0
65 0
258 0
334 0
67 0
471 0
129 0
23 0
135 0
141 0
7 0
34 0
225 0
200 0
103 0
203 0
45 0
126 0
96 0
24 0
147 0
19 0
486 0
30 0
5 0
250 0
254 0
5 0
93 0
74 0
12 0
555 1
436 0
292 0
270 0
731 0
12 0
12 0
216 0
320 0
375 0
177 0
11 0
266 0
153 0
110 0
55 0
187 0
103 0
44 0
117 0
468 1
41 0
21 0
116 0
471 0
28 0
31 0
125 0
92 0
27 0
155 0
18 0
269 0
546 0
10 0
256 0
141 0
723 1
205 0
202 0
114 0
24 0
764 1
132 0
259 0
97 0
72 0
22 0
33 0
448 0
7 0
138 0
636 0
85 0
892 1
15 0
7 0
291 0
7 0
49 0
202 0
54 0
513 0
397 0
69 0
115 0
125 0
161 0
53 0
1 0
5 0
278 0
45 0
131 0
50 0
559 1
35 0
244 0
19 0
42 0
15 0
94 0
363 1
61 0
351 0
283 0
207 0
6 0
494 0
456 0
454 0
62 0
303 0
121 0
205 0
68 0
22 0
25 0
58 0
38 0
243 0
104 0
11 0
25 0
16 0
80 0
400 0
57 0
114 0
574 1
260 0
58 0
291 0
290 0
65 0
438 0
24 0
220 0
130 0
77 0
116 0
312 0
48 0
442 0
181 0
350 0
152 0
285 0
75 0
59 0
154 0
212 0
95 0
95 0
54 0
6 0
266 0
69 0
443 0
69 0
170 0
102 0
248 0
289 0
43 0
352 0
5 0
326 0
85 0
242 0
93 0
98 0
266 0
467 0
84 0
76 0
1422 1
526 1
187 0
555 0
39 0
207 0
59 0
108 0
233 0
25 0
121 0
214 0
79 0
105 0
9 0
294 0
13 0
335 0
130 0
42 0
19 0
11 0
226 0
233 0
227 0
17 0
268 0
285 0
41 0
174 0
22 0
142 0
83 0
15 0
101 0
112 0
180 0
320 0
497 1
449 1
280 0
12 0
122 0
72 0
130 0
146 0
49 0
24 0
51 0
154 0
283 0
4 0
138 0
16 0
299 0
305 0
129 0
87 0
254 0
43 0
90 0
638 1
34 0
8 0
213 0
110 0
199 0
11 0
107 0
269 0
594 1
4 0
200 0
70 0
11 0
113 0
184 0
269 0
410 0
27 0
23 0
114 0
371 0
40 0
134 0
74 0
78 0
11 0
105 0
554 1
48 0
165 0
246 0
121 0
365 1
16 0
111 0
361 0
390 0
36 0
127 0
641 1
177 0
84 0
245 0
178 0
111 0
1805 1
30 0
130 0
413 0
28 0
127 0
494 0
65 0
309 0
204 0
439 0
24 0
251 0
175 0
5 0
391 0
5 0
225 0
189 0
434 0
169 0
16 0
10 0
425 0
91 0
28 0
8 0
7 0
10 0
258 0
124 0
58 0
408 0
40 0
424 0
174 0
273 0
310 0
245 0
156 0
138 0
219 0
69 0
93 0
307 0
335 0
181 0
31 0
394 0
123 0
96 0
338 0
18 0
188 0
184 0
92 0
5 0
87 0
122 0
67 0
608 1
688 0
175 0
142 0
17 0
771 1
8 0
270 0
130 0
14 0
174 0
204 0
112 0
106 0
1162 1
55 0
79 0
553 0
116 0
482 1
76 0
350 0
73 0
374 1
330 0
2 0
35 0
75 0
146 0
5 0
35 0
400 0
120 0
24 0
749 0
110 0
102 0
311 0
33 0
13 0
32 0
203 0
89 0
54 0
70 0
181 0
401 0
92 0
672 1
54 0
98 0
93 0
105 0
215 0
35 0
302 0
224 0
122 0
25 0
70 0
18 0
39 0
141 0
51 0
62 0
408 0
76 0
42 0
306 0
125 0
299 0
326 0
18 0
28 0
124 0
12 0
108 0
24 0
107 0
135 0
14 0
49 0
360 0
24 0
40 0
21 0
153 0
0 0
11 0
53 0
450 0
71 0
76 0
344 0
0 0
427 0
91 0
264 0
150 0
138 0
364 0
16 0
334 0
21 0
13 0
61 0
79 0
72 0
213 0
56 0
30 0
74 0
120 0
735 1
116 0
275 0
113 0
557 0
8 0
12 0
390 1
76 0
45 0
138 0
36 0
269 0
1 0
41 0
45 0
209 0
100 0
284 0
35 0
232 0
198 0
190 0
64 0
305 0
14 0
114 0
104 0
166 0
191 0
38 0
295 0
439 0
125 0
132 0
100 0
29 0
416 0
141 0
374 0
168 0
81 0
19 0
427 0
359 0
497 0
234 0
74 0
54 0
378 0
387 0
45 0
51 0
71 0
120 0
303 0
179 0
58 0
124 0
340 0
152 0
174 0
239 0
133 0
840 1
123 0
539 1
44 0
1035 1
243 0
26 0
12 0
181 0
230 0
402 0
86 0
123 0
276 0
595 1
71 0
397 0
242 0
26 0
130 0
54 0
458 0
43 0
70 0
466 0
6 0
193 0
157 0
2 0
98 0
302 0
715 1
36 0
92 0
66 0
57 0
278 0
88 0
276 0
40 0
23 0
43 0
311 0
201 0
141 0
37 0
42 0
